2828	350,2498,2152,830,808
2350	410,1707,3491,3639,374
3492	2080,2204,1069,2654,1019
3019	1179,2348,1186,3735,1729
1486	566,1902,113,1417,1509
627	280,778,1625,508,1061
3319	3880,3795,3289,2677,2171
3879	3898,3484,3513,3624,3452
436	1792,628,3441,3708,782
1688	783,48,1022,364,1566
1077	1078,1244,1267,2664,1235
2658	2665,2553,435,3488,3638
2375	2371,2378,2134,2794,3591
2114	2474,3480,2915,3591,2420
1918	2002,2001,1370,165,10
1655	799,1342,3696,1345,742
2825	525,129,217,391,3900
1958	3448,2245,1124,2243,2469
3142	474,2990,2000,350,3087
3428	2250,1380,2202,3761,2877
792	3346,3875,136,503,3333
831	1879,58,1046,860,2029
466	3208,3107,1370,10,1377
2558	339,708,1888,1457,520
3395	3385,2241,1414,2523,1135
3867	3183,479,2616,532,1020
3927	3926,1019,3932,2657,952
3770	3699,3763,2140,2407,2021
685	2607,1535,2312,2926,476
2242	1877,146,2831,2509,241
1415	1412,896,1684,501,3125
2173	2105,2495,3070,2046,2968
1472	999,2023,293,3272,3427
178	335,1794,574,2250,194
749	2341,963,589
2475	2470,3420,2871,2527,3366
1275	2001,1587,3740,3527,592
2780	2747,2782,2649,2784,2647
789	2356,2708,321,63,2025
3062	3654,2944,3366,1262,2951
556	581,1189,549,3260,162
3648	3832,2638,1862,3837,1985
1277	2020,342,1183,1946,1172
3164	1602,310,181,2152,374
2775	2721,1063,2125,1860,3914
3513	3555,3753,2688,3510,3484
271	830,2506,1682,1271,613
2553	2554,2455,2010,2288,2346
2480	1545,3872,3078,1150,3728
290	1179,2289,3741,50,431
1027	3107,344,500,491,333
2236	1682,2268,3100,62,524
1241	1255,1991,2488,1884,735
1426	477,2059,2032,275,3507
3465
1151	1701,2495,2239,1493,1162
3622	3334,3814,1235,3451,3200
1384	2960,2732,1039,2673,84
3217	2946,3334,2967,3035,913
2599	2395,1923,223,2289,562
2517	2003,1345,2513,3016,2121
3716	2802,3269,2052,2815,3393
3490	2488,3741,1260,1059,1350
1013	2085,2078,2080,2087,1012
2938	2068,1960,1965,1279,778
1932	938,948,2087,3675,930
3050	3717,3263,656,489,183
1150	1185,1952,1295,3424,1264
791	3518,1841,100,1649,230
1769	3256,1616,1377,1722,2353
406	1635,3831,265,224,232
10	1722,3082,3256,1370,2006
980	485,3438,3811,2478,3698
3045	1621,1271,477,187,3591
1351	1414,3467,492,3168,2932
2708	2575,154,3008,1446,728
490	3249,1343,3274,3105,1061
1317	295,2496,1463,495,2098
2457	3525,2989,2518,2403,2915
1928	2991,1008,3364,938,2870
254	2341,3100,1293,230,1650
3008	176,2708,2697,1050,187
413	2335,1746,1917,63,65
939	1928,3132,3368,1937,2969
1804	22,647,381,1466,2161
3242	1574,2544,496,1477,297
2633	2782,2654,2648,2664,1982
1288	1080,1278,1079,1220,1394
194	45,538,300,272,766
2443	2125,3536,838,3155,94
1066	945,907,936,930,900
2998	3855,1516,1056,2801,3077
1347	1994,2003,1321,1982,1974
3504	1234,1674,3362,1304,2243
222	708,261,1393,1569,2125
2587	236,2002,1485,1016,1378
3120	368,1614,3243,1569,2082
3934	2667,2663,326,2665,3375
104	1777,333,1485,216,3253
535	2289,348,509,1719,1673
1200	1214,1374,1222,3527,541
947	3096,936,898,951,2935
1513	2581,141,3253,3255,1093
2288	1129,2455,2985,2529,1994
2583	1885,1449,1094,2686,994
3441	1378,1101,2476,1275,161
2596	2502,551,52,235,180
3914	2626,3911,3903,2721,171
3901	3273,3534,3882,39,1302
544	2402,204,3107,2405,20
637	2478,1689,1461,520,1474
2906	2724,2881,1959,2676,2707
2887	2332,635,3404,1769,585
3726	3104,2202,2414,3702,2288
1998	1988,3919,2296,1985,842
3570	3943,3457,398,1433,1948
900	914,945,916,3545,3061
105	509,587,11,1343,357
1428	1719,3241,2357,3283,334
1375	1376,329,1372,1371,1373
1949	3198,1950,3152,1957,3467
623	3817,573,1044,1695,1733
918	2565,3061,938,2087,2941
577	986,783,830,808,8
2307	494,1378,648,2013,459
500	1485,3255,440,539,3450
2687	1907,364,1022,1566,2085
72	308,322,3253,85,125
1286	2100,2407,3039,1674,3524
3705	2405,1608,3107,2802,1833
1391	2617,1372,1690,353,3033
3313
1968	2918,3526,2144,3039,2150
570	213,1660,175,3538,2442
3413	2113,3714,1399,2874,1330
1247	1952,1084,1207,1294,1225
3274	3107,3249,292,1552,2058
3918	3917,2513,3016,3919,1261
3418	474,1358,1641,3100,3255
157	1391,466,3398,1722,2450
4	1621,1821,339,222,708
1012	2080,1029,1962,1017,1103
742	1342,724,2121,1644,1655
2048	1025,1033,2087,2096,1022
358	280,353,1805,511,733
3329	2312,30,1211,708,3145
631	2123,1822,1015,1367,1489
2098	1016,1702,2405,2015,2559
1187	1611,300,1096,17,3451
3302	1392,2391,3783,3728,3538
1969	1970,1972,1971,1983,2455
854
315	648,494,786,227,208
3026	2256,3344,2119,2856,415
3908	1623,1874,3553,3273,2907
809	3120,420,1882,2,1377
1367	2085,1021,2087,500,2124
170	1037,442,786,1597,1586
933	911,915,1086,3035,1674
1461	2335,333,2794,3243,48
1399	3252,1633,1271,105,1611
712	2869,1846,1038,1458,2175
2439	3006,1633,337,1643,1357
1301	1253,2662,1019,2009,2664
756	134,116,99,3281,363
3410	3481,3007,1824,2806,2029
3488	3780,2667,3706,2658,3875
3850	2182,2287,3801,3932,934
2435	1594,1084,2692,300,3108
1825	1550,2525,9,1380,2587
1080	1136,2788,1079,1278,3421
2531	2530,2532,2533,1371,2407
1941	1224,1228,2660,1254,2848
3175	440,1356,1376,316,1527
2427	474,1912,1120,515,1883
3801	1950,3654,1944,1945,2130
1752	95,1479,1608,1792,204
2088	1030,2470,2161,1028,3087
3949	3897,3317,3911,3910,3893
3403	1801,2135,3197,1479,2122
2279	1717,1644,3264,2338,1407
2161	2140,2005,1967,2046,2139
2843	2357,2575,136,2839,2130
775	2644,1295,3019,3283,3535
2995	1970,2107,328,1345,2606
3250	805,3499,2268,628,454
2425	300,1246,1834,2024,3125
68	3712,497,708,1135,58
3505	1674,1994,3101,3203,3102
2955	1826,1470,470,1495,1490
363	581,1945,1949,3167,162
2243	1674,3361,3526,2352,2919
1695	3783,1844,1173,1733,1571
3534	2541,3565,3536,3798,3594
2550	2647,2459,2649,1344,2782
144	804,3261,371,2108,3255
2384	34,1641,1449,531,2359
1297	2134,2144,2371,3039,1663
3673	2950,169,986,1592,3399
907	945,1066,947,916,900
499	1352,1167,762,252,3269
467	348,537,2790,1480,1914
1859	1236,2360,3083,3950,1218
238	32,1186,2054,2528,536
741	1274,1215,198,3000,3793
2024	1187,1730,1810,1217,1464
324	2029,203,3258,1614,1696
2072	3087,2423,2011,2375,2794
2079	2098,3074,2559,2057,2779
1078	1077,3814,1244,1963,3507
1397	2025,1392,3115,388,3271
3442	3210,2126,2716,1754,1298
3847	2362,3431,2652,2634,3834
411	3761,3428,1604,809,1642
3259	11,349,7,832,647
700	344,805,3253,1500,2453
3786	3911,3793,1997,3893,3751
2205	3061,3349,2781,931,735
2450	2046,2134,3698,2642,1371
3878	2667,2553,2346,196,3679
1225	1293,1231,1250,1247,1136
1496	2850,515,1296,1959,1567
1149	3134,1305,2929,101,2750
330	1979,177,196,328,1977
3055	3125,3185,3007,206,2442
1580	780,1527,1573,1356,733
2772	2572,785,2706,2683,2826
2168	2633,1290,374,1918,2509
1693	62,150,2268,1343,428
3071	2420,1246,2268,2470,3105
2326
2700	223,1517,2580,2395,235
2100	2407,2470,3039,2797,2406
539	597,2424,11,1777,339
3529	3101,3362,2919,707,3505
2818	2816,3670,2817,3806,3737
389	1650,3221,2331,3011,1150
2539	1485,500,141,3448,440
3063	724,23,22,196,3835
2926	2750,2144,1186,2150,2469
1598	1003,1620,3271,802,364
2399	2054,317,1135,2090,2015
3350	1946,3451,3296,948,3330
2473	2378,2915,3524,2405,2375
3165	2802,423,494,2741,1382
3858	1658,141,2600,3006,2723
2081	595,2080,1022,364,588
2258	2737,3518,30,3224,365
552	2006,1552,165,1918,1378
1041	300,994,308,1914,1719
3605	3602,948,1085,3600,3529
3599	3545,3606,900,2080,2087
2065	2750,1186,3685,348,2150
2050	2405,2471,2379,2051,3688
2021	1676,3527,2105,2140,2528
2748	2808,44,1562,544,1441
1026	2086,2137,3672,1423,1069
3875	2634,2363,3021,1076,2652
2912	1179,2952,1912,2692,2289
2860	1777,3717,2413,1457,886
2328	70,2867,724,1355,1261
3695	3694,3826,3017,3016,3441
705	2357,1279,3347,2739,708
553	1266,383,3256,2401,1682
247	235,3683,3044,1185,562
2420	1302,3591,3448,1246,2470
919	1073,594,953,912,1028
1542	708,11,1641,357,339
306	308,307,1280,2336,3067
2295	52,492,1875,2750,2302
464	434,1004,2985,95,1385
3634	1950,1267,3296,2983,2944
2449	3596,2373,2337,3627,2615
3608	2795,3039,2109,3253,2746
3223	3182,3747,1173,190,776
2714	2433,2485,741,3555,2059
2417	2369,608,531,1231,1185
3609	363,581,3084,2538,1238
969	2947,2944,1953,3363,1262
293	1089,1396,431,866,2391
1909	316,1356,2393,1573,329
990	2002,204,9,667,3766
146	484,1547,808,8,1582
2029	2437,830,1614,1696,2337
3723	1396,337,2268,3105,1268
2094	316,2054,2012,10,1676
2386	2003,3254,361,3250,180
468	597,339,2671,3247,1569
1783	1645,1892,1729,707,1625
1307	3039,3526,2248,3361,3210
765	1614,3120,520,1167,2052
1707	374,355,2953,1460,2799
1183	1094,509,2268,2890,357
2164	796,1728,3333,2768,2627
1965	2455,1179,3703,1077,2657
1608	3256,165,1552,349,1370
474	1370,2353,1608,3256,349
2826	1769,1275,2167,2723,1676
1570	1603,674,621,507,1999
161	349,2353,647,474,3256
417	2108,471,708,2289,52
574	562,319,1449,1648,1060
3883	3185,2690,3298,375,525
2810	159,1274,3213,112,1880
19	344,3591,2378,367,719
531	515,587,262,1678,1643
3466	1777,2,2581,3247,3264
3077	246,3741,1289,1293,2391
3571	3556,3317,778,3006,2442
2482	2109,1391,3272,1151,600
3744	3623,2167,3617,2273,1722
505	1658,2252,2139,1614,180
2354	2052,364,2018,2846,2687
2716	3039,2915,3210,1994,1079
1079	2174,3039,3361,1394,3526
230	1343,454,3044,300,3499
1677	1414,2867,733,1361,3669
2942	1088,1101,2420,2469,2146
93	2471,2405,1377,3274,494
1153	958,3121,336,2201,1731
525	375,767,1635,3078,2505
1337	2651,2644,2638,1334,2634
3327	3865,3624,373,1476,3911
2552	3258,520,513,842,328
3614	454,2302,1485,440,1777
1185	1300,1957,475,1228,1231
1500	1641,2321,1923,1639,3253
3671	1278,1208,1294,3421,1220
1068	930,1069,2847,2940,3849
415	832,1917,256,2006,2375
3474	1527,3527,1214,879,2367
60	2,3269,1015,653,317
612	1020,1094,3501,483,60
2085	1029,2080,596,2018,2087
893	1298,2117,800,1747,3704
3882	3785,3915,218,3536,3893
1091	2134,3087,1378,2470,2378
954	1950,1231,1203,898,2398
3078	529,3915,1619,3006,999
3282	2883,896,568,483,52
1682	150,2268,1393,508,590
2959	47,1682,3147,2890,223
2953	586,1359,1474,1544,2082
2915	3039,1663,3210,3526,2797
1459	350,1892,1597,1422,1092
1102	1679,3043,2008,418,2552
3444	1378,2409,2001,3527,3441
1010	3591,1018,1286,3255,1013
2187	2204,2726,1944,946,2208
3430	2409,2410,2991,2013,1370
1173	3067,1080,2076,1186,2917
2822	1552,552,2470,434,1049
212	2299,626,3611,3345,885
1446	1537,2289,2357,1094,728
152	2554,215,1350,2553,728
720	1148,745,1223,112,318
564	423,1644,748,1717,466
2189	166,3304,551,1566,2325
3184	3867,1073,1374,1523,1841
596	594,2018,1029,2096,2085
491	3269,1027,1672,1271,2803
478	3695,424,2472,387,2060
3006	300,2329,1358,1120,1834
2525	3576,2613,2901,2985,3365
1289	1296,1295,535,3359,2076
2865	1795,3571,3538,3649,2262
1214	1200,3527,3702,1240,541
2927	3334,916,1946,2130,3095
1515	1792,1438,1479,292,1833
3387	2134,374,3591,1297,3243
2426	1810,371,141,3450,1040
1632	1582,2587,3086,1747,2915
3486	2363,2644,3340,2784,897
2528	2527,2407,2529,2991,2640
434	736,1370,1552,10,3107
3152	3167,1953,3362,1084,2130
3880	3538,3319,3007,3886,3539
187	3083,3045,3911,1392,1635
487	1004,170,3450,2055,762
2855
2360	1719,2442,2692,306,2610
2083	107,3398,594,3397,783
1128	2459,3499,3018,1345,3016
3298	2502,3948,2706,3301,2231
851	194,538,300,337,562
235	348,300,562,3108,2289
615	3469,2239,3359,1950,265
2565	914,3675,2080,918,1028
1798	1463,1661,2126,1461,2799
3393	3716,2316,3591,1010,1888
2123	2141,1032,2087,3034,2089
2594	111,1734,924,2842,2329
1292	1234,1235,1077,3362,1244
2593	3734,3683,1242,663,2787
578	503,3935,2211,583,718
3774	3120,626,710,93,2381
137	3803,685,443,1473,2154
3810	3836,3441,2989,3505,2376
1565	839,543,2955,1826,470
619	3386,1392,3253,3342,300
750	924,1219,1250,1252,1263
1711	3108,3255,1641,1500,1589
342	357,348,1641,838,1188
2585	2333,1719,2607,2690,1683
3522
1550	886,1485,2405,3591,2822
2406	2470,2405,2115,2100,3104
2968	3699,1374,1376,1129,2407
1193	1208,1228,111,1207,954
2082	2042,2,586,2953,2431
2988	1964,2130,3088,2932,2474
1744	204,1438,423,227,849
1642	2539,3591,2379,1432,2457
192	3495,2923,1760,833,341
3814	1244,1078,1077,3812,2130
1987	2878,2517,1975,2451,1977
2831	1388,2242,1877,1488,146
1167	1020,2405,2335,2052,1457
3945	329,486,3112,3600,74
3739	1267,943,2285,2937,1266
1589	1466,1061,1729,999,454
43	2333,194,2539,2336,412
353	2167,2273,163,3256,2058
3843	1323,2003,716,3781,1407
1743	263,206,2538,3609,2673
3909	3915,3793,728,3333,2801
2396	2336,1188,3148,1641,17
346	45,300,1343,1179,1810
82	1354,2682,590,1362,194
2498	1882,435,2558,502,2002
3524	2407,2469,3039,2100,2470
3108	1747,21,2108,235,1682
3145	3246,454,3386,1271,508
282	2875,1302,62,454,1441
753	321,1896,1542,1271,3100
3091	1217,1300,3030,3683,1960
1647	3536,707,999,1404,349
3196	1262,1276,3468,1944,3035
494	1608,3256,1370,349,165
2067	1086,3668,1287,509,1674
355	374,1474,673,1707,1021
2837	121,479,1046,3914,627
1514	1040,1901,1899,2562,3820
1124	2312,1955,1958,1674,2474
357	1641,342,11,440,1569
1643	509,339,1569,272,2442
2334	2353,1722,1370,1385,1608
1085	3467,3035,3198,897,1012
3154	2934,2981,681,3221,1695
3845	224,2639,3109,1660,154
2952	2391,1732,2912,3317,101
784	1485,333,1777,3253,367
3585	1925,2662,952,3643,3628
3146	3301,3785,1591,231,3869
3171	1950,2398,3167,2969,3361
1975	1980,1977,1974,2003,1983
2015	2085,1019,2054,2080,2078
3183	2769,3867,3948,3798,2908
2911	2071,2510,508,3252,437
472	1777,520,1220,2102,371
1827	1414,1594,162,235,3182
428	1466,1120,431,16,300
852	440,597,11,539,2302
1295	1186,2929,1300,1185,2312
1726	2236,230,3704,62,2513
1873	73,150,105,1678,2336
1192	1188,206,581,2859,247
3432	3431,3433,3434,3441,3767
838	17,39,440,708,2671
2149	1981,1978,2901,1979,1980
3256	349,1608,10,1370,2353
1983	1974,2118,1969,1321,1975
2749	2312,3478,3708,11,1393
3394	2375,2478,2374,2416,2378
448	535,300,337,235,2329
111	1263,2871,1953,1208,3683
2626	3914,3903,3911,171,1535
1416	364,2565,1246,708,3247
477	3194,2268,150,222,647
350	2803,832,454,1092,1459
1320	1690,1370,3697,329,2617
2084	594,48,783,2081,588
917	262,1022,3675,2085,1099
1335
931	2206,1086,930,933,3334
1641	2359,357,1923,1500,440
458	432,210,1378,1266,3494
2408	2471,3388,673,2,1373
3317	3897,3481,3911,3893,3952
199	901,930,272,2068,2573
1440	317,2467,231,1372,2124
3097	1022,2080,900,916,947
2121	2513,3016,2517,2120,2455
1493	178,1151,708,3258,1546
2974	2982,1325,1328,3442,2461
233	2908,2600,2734,1094,778
515	3260,17,1296,475,1096
2811	3906,79,1860,1661,23
3920	1658,2160,521,29,2021
1015	3269,158,48,986,60
2879	2880,112,861,1858,2273
1795	3162,2865,1666,1695,2618
2554	2553,2664,1077,1334,1913
3831	3948,3893,3911,3952,357
613	17,534,85,597,261
2012	2011,2094,368,1376,2470
3782	3781,3427,3314,1085,3015
492	52,348,2973,1057,2065
3112	3251,708,2757,2025,1810
2697	3538,1734,728,2609,1041
2758	2908,2734,1419,2013,1447
2190	1487,852,2268,539,491
1127	3527,592,2640,1376,2985
398	2934,3570,389,3221,1893
808	986,8,577,484,2471
453	1020,3270,3082,339,367
3322	3826,3355,3481
2415	3528,3111,3684,1231,2950
452	2407,506,909,3101,3152
993	630,1651,1662,987,463
3942	3941,3939,3938,3190,1973
329	2393,1356,1372,1375,1376
3330	948,3152,3035,2132,3350
1884	3253,1747,778,2502,471
362	158,1015,60,986,837
206	1191,1649,2859,1192,162
3363	1674,3362,1294,1084,1234
2204	2210,931,929,2206,1086
1223	745,1148,720,3429,2804
2940	3334,2186,3011,2203,1946
52	492,3253,348,1057,2289
3384	2013,3735,2670,3362,3702
1807	1245,1343,1672,2058,454
321	3067,753,3045,461,3083
3343	2247,2469,2746,2470,2950
818	585,2124,2335,3258,532
3943	3893,3915,3253,3189,1673
278	540,538,1061,2829,588
3405	1945,2670,926,3062,1029
1234	1276,1294,3363,1953,1292
3700	1965,1077,1199,2289,2750
2896	2055,933,3487,3230,3366
879	2617,724,3264,1717,1991
3380	3292,1814,241,645,1144
1686	350,2803,1918,1620,292
1717	1407,1644,3273,2279,1805
3020	380,1391,507,349,353
585	818,1614,1485,2144,587
387	3120,3439,886,303,479
2676	2605,2688,2881,2707,3354
985	613,351,1782,3251,342
901	916,915,914,3549,931
1370	165,3256,1608,474,2001
2434	1660,11,39,1682,1187
2241	3102,2410,3688,3591,1091
168	292,3257,2006,1801,1385
1406	425,1543,971,3357,2577
2361	2926,1077,3210,3676,235
3727	2455,3576,2617,2644,1994
1312	3241,1116,53,621,896
3167	3152,1964,3359,3168,3201
1849	238,2643,688,23,258
1953	3735,2944,1294,3683,1234
2789	1350,1974,1339,1130,2790
3710	765,1088,2453,2471,355
1539	1546,1162,2072,734,3828
1363	7,491,1302,647,3257
1502	2551,2455,3083,1283,1193
603	1457,339,358,2262,361
2944	3654,1201,2949,2947,2951
521	431,1805,1343,1589,866
3358	3526,2108,1883,45,1171
250	2413,333,95,56,2273
640	79,168,191,3708,61
3657	2184,2346,911,3642,2945
3733	3735,3198,1674,1955,1952
971	2132,1945,3201,948,926
529	150,300,1302,1704,1094
2431	62,2082,2581,1569,586
3362	3735,3551,3363,2871,1234
65	174,3120,3243,473,413
1947	914,899,1029,2080,594
3718	1694,1617,2300,2952,1252
2154	1393,587,1043,2340,605
3796	3950,2483,3902,184,3952
359	3045,1836,94,581,2693
1925	1029,933,1929,1937,3585
1814	3129,2908,645,3083,82
2046	2161,2054,316,2640,2407
1479	10,1722,3082,1608,1616
1138	2955,1826,1470,470,1495
2363	1019,2985,968,2662,2287
510	4,413,3392,2447,65
1396	2268,316,1584,349,3527
1603	2699,1518,1320,1909,2985
563	3217,1834,2988,523,2757
2249	500,2478,333,3253,1777
3109	1124,3111,2639,2950,3249
309	446,496,1669,53,1185
380	1370,349,10,3256,733
2877	1380,1093,2946,3549,1235
3533	3134,3030,1251,1446,59
1967	2140,2193,2161,2005,3033
1218	3265,2985,3683,3740,1217
3613	2973,3685,176,2750,3526
3201	1952,1964,3362,1077,3735
3267	474,1912,6,1729,293
3679	1946,2313,246,3018,3680
3598	3720,1635,2300,3090,1230
198	1527,2278,353,1370,3527
3511	3623,3409,44,3146,626
3550	1130,1994,1350,2097,3018
2669	2670,2944,3062,1927,3494
469	3426,1734,4,412,1535
1895	1777,3477,2447,2485,2572
759	116,2801,1271,1116,1188
1511	357,1541,2331,993,439
598	1895,1057,52,566,1728
2857	2087,2946,1032,2085,2565
1525	1047,1824,3489,2173,2827
3641	570,1437,476,2283,77
949	1103,1945,1104,948,926
1676	1527,112,316,780,733
1777	3253,539,1569,2302,104
1438	1608,494,10,798,1722
3122	3642,1008,3834,3766,1928
915	916,933,902,930,3088
3087	2371,2134,1663,2144,1777
2620	3100,1957,151,1683,2966
870	2423,516,174,473,2371
2212	933,2183,1086,2210,2206
1966	1179,1885,1188,2395,125
1484	176,125,1594,1041,2171
189	997,410,955,891,1870
1111	1147,348,1649,3182,2677
616	2090,1022,2089,2080,2085
2250	2245,3528,3397,1271,585
1203	954,3468,1231,1945,908
715	1061,1683,265,1150,2943
2153	153,2124,2643,2723,533
2866	3135,3359,1674,2917,2245
483	147,562,1633,1050,2883
1226	1086,933,1029,2080,2947
1171	2289,235,3358,3253,471
1750	2421,798,2054,2642,2
2370	1275,2001,2989,1246,1690
804	144,1593,3274,1821,3261
2124	410,1777,3253,2539,141
2856	1093,1804,525,3296,1125
1571	2437,45,2729,1875,2575
1719	1635,535,2289,1673,778
2203	2186,930,3334,931,3435
425	1643,17,1296,1897,2439
3824	3534,3537,2316,2724,3565
437	542,719,840,48,2378
850	503,583,80,1734,3019
973	3061,3196,1938,3068,2065
3664	3662,2878,3663,2740,1993
534	1357,3260,3100,1962,1674
1645	1805,2058,1625,2268,70
967	3368,1928,1837,3467,22
126	2162,196,2,153,316
786	1608,1552,733,165,648
912	969,919,923,908,1276
1684	1230,1957,838,272,2125
1227	599,1222,1179,2917,1090
2136	2015,500,2470,2135,1016
1054	1730,159,1120,647,1635
2371	2134,1663,1297,2144,3039
2117	1253,2311,1965,2662,1077
3187	1664,570,1585,2963,3192
2113	2455,879,2097,2851,1027
3295	1534,1164,2931,3645,3749
2251	3309,2083,3873,3819,2672
2841	2840,3081,2707,2580,3005
533	2094,3438,1967,653,1047
1331	2513,1341,2780,2649,2740
219	848,350,24,364,1769
3736	3167,1945,2664,3359,2184
1771	1690,2107,328,1328,1992
3005	2605,2688,2694,2841,2881
3578	3147,3793,1527,3176,3753
1442	1672,2410,508,2114,350
318	1213,1225,1247,593,3362
2383	2381,2048,88,432,2382
701
136	3550,2967,2612,2843,1811
2753	3102,490,2178,3505,3020
2041	3479,3271,2161,2140,3208
1023	2096,2078,2087,1025,2085
3798	3753,3948,2841,3785,3301
3074	2921,2922,3681,3494,3508
1573	733,1370,165,2058,1917
944	1931,954,1340,3334,933
3581	2909,562,141,1391,497
1303	1287,3168,1321,1204,3099
224	339,1441,2145,1641,1246
2255	2470,1129,3688,2857,1079
2745	3360,3169,300,2150,1674
2170	325,466,112,1894,208
2291	337,1673,778,3108,1639
2074	2988,2925,357,3296,897
3016	1347,2003,2517,2121,2513
97	2171,3019,1310,176,431
1516	235,1057,2282,205,1279
3061	3675,2565,900,3545,916
280	832,1620,22,628,1672
3247	3255,587,500,597,339
255	1887,1858,3511,174,1777
54	2082,2042,5,881,48
2128	2165,1057,1836,2639,2166
3245	659,2897,3047,3221,2938
3010	475,2439,1041,3260,2577
3131	1471,1450,3902,1406,3854
438	3243,1586,552,733,2126
1252	2871,904,1247,3334,1953
3501	2247,2100,1395,2518,2469
3741	1248,3362,3201,3735,3152
1248	2186,1945,908,3741,1212
1372	329,1356,1376,1375,2393
3162	1666,3901,2629,1795,3079
2169	1920,1614,325,1887,2735
3102	454,3505,3101,3699,3591
3888	823,3292,2632,1504,3140
1423	1026,1144,2086,1932,621
1271	3100,62,1682,3252,1962
2485	2572,2581,2724,2694,2447
1631	3510,1625,428,1892,1459
3338	2744,3730,1184,3134,1039
1872	375,767,1767,638,1477
1832	2757,2861,3247,2433,2605
3921	3922,3924,2035,1334,2664
117	1358,1449,346,778,1517
1773	1659,3056,1502,2483,1114
1425	1485,2134,2144,440,3033
2932	3788,3037,1305,3152,2988
2579	930,3317,1860,3246,1921
3160	1673,3481,1635,2890,2395
2639	3591,3478,1476,481,2145
3096	947,3061,3507,2871,936
337	2291,1358,300,25,1673
2038	1030,173,2011,2054,2105
2454	2455,2160,1334,2664,1019
3768	3767,292,3766,786,3441
1366	3546,766,3260,509,2320
1279	471,232,535,2282,235
2483	2560,3796,184,3030,3683
327	1690,2746,663,1377,610
3035	933,2944,1950,3468,3196
3260	515,17,337,475,1185
265	58,17,1094,778,509
300	1120,2289,1810,475,1682
2890	1682,300,47,2268,150
30	2972,326,1179,2621,446
3895	1373,3354,3484,2568,2974
3222	1132,515,3435,3467,1300
536	805,1271,280,595,3675
3794	3083,3556,3852,2318,3129
1604	9,44,88,1992,196
1545	2442,1664,2908,2391,2682
1063	299,1235,585,2359,2775
1008	2409,911,3494,2401,1928
234	1855,2379,1614,2012,2478
1595	828,3399,2042,2432,1826
394	3274,3709,540,193,3491
2618	1883,1267,1449,440,1910
942	3334,930,950,2186,1086
2905	3030,1267,950,930,2819
2246	208,1049,1945,2405,2273
925	2847,3035,2285,3622,823
106	863,149,3822,3683,123
2304	2171,3246,1483,3823,337
1594	778,25,235,1635,1682
514	2302,3253,3255,1641,1517
1741	1677,753,2283,1044,3567
3520	3025,1007,964,2016,2533
959	1913,1939,1945,2729,1950
1746	413,710,3243,435,1020
227	204,20,1744,315,434
2756	2476,1330,2699,494,1266
3642	3122,3590,897,1928,1068
3604	2941,2565,3549,3675,3548
1640	3120,420,429,1468,413
156	1392,235,1885,194,2171
2949	2947,2948,2993,3639,3635
3181	36,32,1120,1693,3481
3761	333,2123,587,2420,1120
1039	2673,1384,2933,1058,375
2009	3032,2527,2528,1301,1019
3389	3433,2403,2476,2985,3873
614
2122	2513,2121,1975,1342,3708
1972	1969,1970,1971,1976,1980
1856	175,1191,1391,1034,3728
118	1457,2506,1569,830,3477
1936	1247,943,1935,906,2612
547	464,1479,517,2404,1769
3477	2447,1895,1777,3264,1377
3660	3708,2513,512,3661,1762
833	413,3146,63,3869,1126
1997	1258,1345,2871,1994,1387
2265	2249,2379,2405,2735,88
154	3467,1952,3167,1041,2988
1129	2985,3527,3703,2527,2407
3331	3443,2001,1196,2194,2406
2013	2524,2528,2527,2991,3494
1217	1179,1262,3342,3019,3091
3090	1077,1185,1179,3152,3543
1219	2160,904,903,2947,111
1096	1955,3068,1296,1957,1674
3812	3814,1078,1244,3760,1125
3325	3565,2026,1399,3225,1569
2878	1987,1975,610,2003,3664
2722	2699,788,3409,1876,2713
3487	3494,3643,3836,3638,688
2779	2915,3104,3244,1125,2407
3577	2950,2134,2942,1043,3418
2068	3201,1186,1305,2988,1230
2616	1377,2985,2094,1391,1722
3125	3260,3079,1643,1132,515
2961	2424,2881,2598,339,2690
2840	2841,3081,3005,2826,2683
461	1643,369,1633,35,1897
3872	3334,909,2132,949,3011
2266	2424,236,339,2245,1027
1264	1150,1179,1292,1234,2130
2349	3685,1244,2130,2919,3072
2285	936,1208,599,2728,1952
2165	3081,1051,1594,1884,778
996	1378,163,494,95,10
3896	3328,3863,3948,3745,180
2886	2582,2109,3476,3060,1645
2677	3683,1252,2357,2859,1649
3420	3362,2475,3498,3204,1459
1713	2,586,3591,2294,107
2130	1179,2919,3152,2917,3685
3924	3922,3921,2035,952,903
588	364,595,2081,1907,594
2062	2570,339,2236,1683,3176
2622	2174,3489,2598,497,1246
3691	1912,2409,3869,3689,3690
218	3255,351,339,3249,708
1979	1977,1980,1978,1985,1993
2967	2313,2917,1103,3546,2130
1263	1208,2871,111,3551,3362
1191	206,1641,1120,36,175
2143	1967,3479,3489,2005,2161
1702	158,1588,317,2,1367
3284	3451,1303,1217,3494,2528
2116	2105,2140,2021,1371,316
3600	3602,3605,1022,3610,1947
2	653,1917,316,3489,317
1055	2806,1126,2269,2123,3708
1009	2091,1031,2015,2090,2005
3837	2513,3918,3018,3708,2668
1696	2029,1794,247,324,1614
2816	2815,420,1996,2817,514
1851	1046,2721,3449,2336,831
716	3921,606,1985,891,2955
680	1232,2830,3168,1217,1077
542	344,719,3255,2082,2717
3802	163,316,1690,442,3698
2280	1466,1729,16,1120,454
565	2519,3476,2898,2463,1449
2409	2410,2411,2403,2002,1370
2075	1300,1276,2919,3468,3733
2799	2953,2798,586,1707,1588
1251	1217,2732,1227,2731,3468
3015	3101,1321,2819,2160,2407
2512	2905,1796,717,67,1891
3198	3735,3468,3733,1955,1964
1976	1977,1970,1972,1975,1980
1401	805,508,2268,1682,350
3765	1627,3727,1959,3539,1600
1599	3704,1681,1562,1920,1769
3906	3831,1615,3950,3183,1661
3002	3569,2348,3364,3075,1236
1050	1884,1414,300,1120,2693
2364	2363,1377,2365,2367,2867
3185	3176,3298,3179,2433,3055
3823	2171,3298,2435,838,3075
2522	79,354,3069,3257,2412
998	1982,434,511,1597,3499
837	362,1588,1801,2687,986
78	2952,451,1627,2391,1288
3659	3658,1230,3576,2287,2202
3894	2673,2357,1058,1267,2969
1867	1605,1606,694,3697,2617
2256	1347,1346,1128,373,1298
1767	3105,187,261,1569,2443
1180	568,3089,1187,1696,1463
2359	1641,2321,357,1060,440
2031	2123,1680,1031,2040,7
273	253,1339,177,1320,3499
3368	954,3467,952,2670,3365
1863	63,1359,3120,1837,1746
1321	1994,1345,1350,2867,1347
528	539,3317,3566,2335,1804
1119	2590,1633,1120,369,2994
2679	2964,2775,751,1063,1879
2289	300,3424,235,1179,2973
456	1729,3105,1060,272,1635
1625	454,47,1343,3499,3147
1184	2890,509,58,11,2289
1222	1090,2944,2194,2985,1242
3665
1567	2850,1496,3912,3860,3580
2049	1942,2565,935,1030,1226
3301	367,3536,2302,3809,3146
3454	3301,3324,3534,3453,339
1734	247,2697,2289,2966,3083
3143	3062,2917,41,3039,2857
3757	2652,2519,3018,1334,2009
279	1271,1678,171,175,2502
2001	2002,2000,1370,1918,2470
762	3697,1711,22,2001,837
193	174,473,3120,2513,65
1912	1729,21,3267,474,2289
3654	2944,3062,3366,2949,2947
3506	3152,2100,3167,3200,2991
3939	3941,3942,3938,2557,1038
1466	1729,1589,431,1120,300
836	1479,1385,1687,494,1833
3453	3857,3565,3454,3484,257
3838	2668,3839,3840,3837,1999
3264	1407,2161,1215,2470,368
2900	2787,3016,3708,2405,1345
2379	2380,2378,2953,2381,2416
2103	575,1015,158,2953,1020
1061	2268,628,2231,1466,1589
3864	1882,3821,3624,626,2657
3443	2989,3331,3082,2949,2058
1213	2268,1704,111,318,25
344	1485,3253,231,500,104
3216	1998,2483,3344,3732,2239
1285	3039,2915,2144,2248,1641
1482	2590,187,2849,3263,352
3011	1952,1964,3201,3467,2132
3370	1246,3586,2104,2146,3251
1105	2515,2516,2798,2513,191
3898	3879,2678,384,3744,1785
1756	2094,196,1376,3264,1676
3702	3703,3704,3527,2951,3681
3075	2186,3546,3200,3201,3362
294	2291,2297,708,147,488
167	1846,769,632,183,2267
3857	3798,2803,3896,2316,1377
3633	3639,3635,2949,2993,2991
2609	265,1185,1734,3083,2697
2177	2178,2110,2819,2181,3685
2730	3152,2932,1234,1952,348
2428	2722,2315,2606,2826,2107
388	337,1179,2391,2268,1633
69	1517,3253,1639,180,1777
2036	2953,374,1474,2471,5
3808	3811,3801,2847,1260,3849
1907	588,364,595,1022,2687
876	367,2879,112,788,2985
2570	2062,2108,339,1643,2391
1759	1885,319,1889,538,348
2025	1594,300,508,1120,1093
1903	2426,2169,2587,1629,691
2852	3498,1674,3198,1953,1186
1704	2268,150,1393,1682,36
3144	3244,1016,2407,830,276
1964	3201,3198,3167,3788,3468
662	1092,832,1343,2713,1805
2436	708,830,203,562,916
3592	2183,3633,1945,1344,2712
714	1245,994,3328,2542,555
2342	3085,245,3587,1504,2483
172	1037,2094,316,1909,504
1323	3843,716,3781,1981,3021
396	1313,2892,189,1609,997
2023	3256,431,648,21,349
2392	2574,2724,2761,2605,2881
3461	1994,3168,3152,1931,2366
3675	3061,2565,594,2080,1022
2135	2080,2078,2096,2136,2407
3873	3681,3871,954,3671,3035
2238	2239,2130,1185,1217,2973
2446	2029,327,2505,1480,2260
2752	3524,2407,2144,2133,2463
3397	3398,3396,3608,2087,3033
3467	1950,3468,1964,2130,1276
1464	1884,1517,2413,1627,1032
1256	3363,910,1084,2871,1234
1000	2236,2165,2798,193,999
1914	1641,1041,994,562,1883
823	3888,3292,2632,925,3140
1520	1754,2116,1049,2463,1955
3839	3838,2995,1603,3476,1348
2397	3359,2313,2730,3451,2739
3103	2474,597,587,3361,1674
3355	3354,648,3744,3301,3316
2087	1022,2096,594,1032,2078
1029	594,596,2085,1022,2080
370	3869,466,500,3254,344
58	1094,265,1885,1357,1172
2671	597,1569,339,11,539
1954	2194,2949,592,2947,2944
1087	3548,266,901,3606,1169
2661	2553,1334,2647,2554,2010
378	3257,852,2316,7,2302
1855	486,2717,3258,234,333
488	1611,3046,2611,3858,3060
202	2436,753,321,1914,3798
1728	468,2739,562,1956,1596
992	3451,1000,1760,833,1526
257	1892,350,225,1620,2803
209	3263,36,1439,1753,1840
2881	2605,2688,2763,2724,3005
1237	3742,1260,3152,2019,2871
2061	1856,368,1408,346,648
2709	3398,107,3397,3396,2083
2645	1334,2651,1345,2634,1350
953	1247,919,2398,954,1947
1276	1234,1084,1250,1953,3363
3246	1120,300,36,1094,1678
2158	3272,2280,2317,574,2159
3230	3733,1301,2527,2670,3735
878	53,3817,652,2675,124
24	1909,2841,196,316,3699
239	317,2082,2953,3438,1021
2791	3552,1136,1079,1517,3210
3521	1273,1179,2020,2064,176
3214	2852,3100,1619,1968,2104
593	318,50,1358,1247,1213
3229
635	802,3252,1246,2852,3247
3379	3152,3035,3468,950,3469
1356	329,2393,1372,1376,1375
1359	2953,2,258,1005,586
2652	2651,2634,2782,2635,2784
364	588,595,2081,594,1022
2118	1994,1130,3505,3476,2455
798	1438,1792,1479,95,423
1232	680,2905,2819,2727,3416
3852	3317,3911,3556,1635,3893
3658	3659,3576,3375,1253,3927
27	2432,2581,94,3534,2447
3197	2990,2989,3441,349,1722
2505	3686,1586,1552,3005,999
3546	1096,909,1086,1962,2919
2623	2925,3077,1191,1554,1289
2815	2402,3441,3766,1378,2002
670	669,3783,334,80,308
2783	3414,76,982,1936,3918
1014	1012,2090,1018,1028,2080
79	640,454,350,280,782
404	853,1739,391,3222,1928
2808	434,196,1831,379,1385
1864	2435,2770,3510,2624,3134
2972	30,1280,1960,232,1094
1089	50,1222,293,1625,47
512	3660,2455,1762,3696,2428
2774	3289,3786,1627,1758,3178
424	1672,1461,1171,1092,2269
2372	2011,2134,2371,2378,2478
1673	1120,778,1682,994,337
2337	345,2029,3398,3160,2580
2293	301,194,2620,119,228
1517	3253,1923,2683,1641,1060
2529	1374,2527,3527,3471,2662
447	2801,1897,1480,999,776
1131	1132,2064,1094,3090,1150
2346	2527,3204,2407,2553,1077
2252	3108,21,339,371,1895
610	3527,2985,1129,2193,2528
66	173,1032,2072,2421,325
2578	2173,3575,3277,3701,2528
3870	3296,945,3334,3152,1944
1922	1111,804,1056,2292,1865
3053	2826,2490,2688,2841,1690
628	454,805,2268,1061,1343
681	3135,3154,3038,3230,456
3000	2692,2278,1274,741,2761
3597	2572,2706,2387,2772,2597
2706	2683,2580,223,2502,785
3286	3579,1021,784,1501,2655
3318	1600,1631,1404,1084,1171
1812	48,2399,2193,1130,3952
2821
2660	2664,1301,2662,2288,3196
2195	1405,543,368,1884,3264
1665	1474,2539,1614,65,374
2374	3591,2416,2478,3039,2378
1468	1485,2335,2447,410,3087
441	3253,1923,2321,1641,2502
2129	1572,2925,3866,1179,2289
3575	3277,2578,1549,1570,669
307	308,306,1719,2289,535
2888	2485,3273,1835,2491,3553
1854	1887,719,1644,1593,1431
2797	3448,3039,2100,3526,2915
2862	2871,1321,3272,1179,1587
1177	1271,531,515,412,838
1899	1267,1514,1040,1358,1259
849	2322,694,379,1676,316
3079	85,1683,28,838,261
2341	254,1366,1293,159,3110
3098	1302,3360,3039,1674,1231
656	2042,1005,5,3882,2302
1583	1588,2399,3489,317,2453
507	3020,474,2278,2391,3256
2719	3081,3273,2338,2806,2107
2611	2692,1834,1177,272,1885
2858	50,2289,1171,1641,47
2462	3919,3923,2119,330,2651
2306	63,2249,1614,1377,520
2186	3435,930,1248,903,928
2807	2135,667,990,1681,2002
3708	2513,2517,196,2405,3660
2842	2391,2841,2502,2594,3006
1687	1616,1479,1792,95,786
2548	2279,1992,2822,1985,2461
89	1597,2353,832,2278,1722
1244	1230,1077,3814,2973,3334
903	904,908,2186,1219,950
3821	3744,3753,3882,788,3301
761	2,1376,1373,208,3108
496	53,309,501,2675,2171
2488	3627,2654,841,3683,1260
3305	1068,2940,154,1555,939
2007	1916,2333,3614,28,1513
1433	3570,3790,3457,3717,3555
1350	1345,1321,3499,1982,1347
1984	1983,3918,1970,3727,3021
2549	1101,3489,1917,1831,1967
513	2002,1777,2552,2407,840
2950	2470,3577,2421,2379,1917
2045	432,207,1022,2236,2797
1663	3552,3039,3210,2915,2918
3805	3013,3576,2784,3075,2325
3293	2157,3951,937,2618,3746
1605	1867,2316,459,2161,708
1298	1258,1285,2118,3448,1093
256	317,3398,3269,1372,415
2899	2096,594,1022,940,1129
1197	2248,1527,3671,3039,1079
930	928,3334,1086,898,931
2632	3470,950,1236,3627,823
22	1620,280,628,292,1407
2751	3210,2407,1290,3590,3412
1489	631,339,1015,48,1688
899	914,1947,920,1247,916
1371	1375,329,1376,1373,1372
2802	2989,494,3635,2001,3505
2690	2390,357,838,1680,2671
1725	3379,2730,2682,1177,1271
1853	2256,3400,3345,1655,2681
1654	2052,2054,60,3489,317
3307	3629,3462,2300,1281,1077
3930	3932,3936,3928,3927,2664
3310	3306,3307,1178,3022,3629
1504	245,1217,495,30,2728
2673	1058,3894,2969,1189,2538
886	1550,3208,435,423,2860
3400	1592,558,239,2354,709
2162	126,3489,3438,1377,2143
796	2164,1728,3333,2768,2627
3007	3481,3129,1732,246,2391
92	1027,18,273,382,1884
1748	1653,1527,1921,2985,1215
2355	2294,3114,364,2321,2502
2495	2528,3700,2173,3807,2968
1934	1938,2065,594,898,909
3276	3301,1746,2169,1020,3785
2053	609,362,1015,435,2054
1477	1821,1358,35,265,3242
1779	1690,1391,1590,1831,316
1683	17,2442,1183,1357,1643
1125	3039,2011,2109,2915,2779
3564	2978,204,1036,3156,986
841	2488,965,674,3461,3733
1845	300,2395,471,3253,1517
671	2985,3033,1215,1391,1909
910	1278,2300,898,1276,909
504	172,379,1385,849,748
3789	3811,3201,1276,1964,3099
2259	2469,3524,3308,3591,2134
287	1767,498,3436,1043,2629
2614	3660,2367,2120,2159,3016
3494	3681,2951,2401,2944,3366
1257	3039,3253,2144,3526,1297
3863	3948,3535,3745,3698,3896
1262	2944,3196,1254,1250,3062
3038	3196,1945,3435,1944,926
1082	1096,3201,909,3735,3037
1662	384,1601,1466,1647,2267
650	17,1683,515,1271,508
3854	1734,3556,3902,3127,1046
2515	1992,1105,879,606,3661
1207	1247,913,1219,3095,908
562	235,1885,1449,45,1641
1094	2020,1674,1357,357,509
217	1370,1608,105,1552,2825
2573	199,272,1179,3217,2442
2148	2513,2867,2003,1327,2717
3013	1128,3499,1130,2646,3018
2586	1129,1627,2126,1552,230
1409	440,597,708,539,11
3269	1544,2006,1015,597,292
1951	938,914,2565,3675,3549
760	2833,2890,2033,2944,2311
3004	2724,1911,3269,2605,2431
42	293,3527,1589,434,866
1340	2648,2654,2644,944,1350
1999	2459,1321,1327,2455,2118
3252	1810,3100,1682,1393,300
1940	1950,1938,1086,3467,1948
3748	2579,3055,3076,3747,3181
950	951,903,942,913,911
3753	3555,3510,3623,3755,3624
2732	3334,1251,3545,3152,926
1858	112,861,1429,2273,2879
1436	1077,1953,2187,2417,2098
935	901,918,938,2870,3516
1003	11,1598,999,1586,454
3364	3334,2186,1086,2130,930
3771	3807,3153,3639,1287,1129
1623	328,1330,2902,366,3908
3516	2870,3088,3203,3507,1303
268	1357,3481,431,1171,3728
2478	2378,2011,1378,3087,3448
3210	3039,1663,2144,2918,2915
173	3698,316,153,442,1831
1093	2683,2580,2734,2502,785
2769	3893,3886,3183,3948,3317
3535	3863,3317,3481,3409,3624
3740	1275,2001,2985,592,1552
3354	1544,3510,3623,1876,2605
1117	382,281,2197,1978,1906
2726	930,2182,3730,3683,2289
626	3774,2471,3345,93,3921
242	1094,2686,461,194,1271
1332	1327,2118,1128,2867,3018
892	497,838,916,39,1296
581	363,162,1611,247,176
2381	2380,2382,2379,2048,2383
781	3252,372,36,848,1059
3415	2933,2351,1941,1254,2830
2438	2026,73,1233,293,593
2056	1380,2035,1409,3699,7
1189	1217,246,1147,1267,2871
3862	3521,3897,3943,375,1458
3776	3775,1937,1022,2087,1029
3101	1343,1674,1092,3505,587
94	628,2268,1268,838,2391
431	1466,16,1343,428,1061
183	247,3203,1187,1694,3296
2500	1895,18,1866,724,2505
1136	1080,1230,3671,1225,1278
2533	2530,2532,2531,2529,1129
3851	3317,3685,3328,1611,136
2562	1444,3117,1631,1249,2730
1035	1028,3675,594,2971,1947
3497	1343,1135,3591,3528,2245
3092	1408,2905,3224,2300,1263
162	2693,1179,247,778,2289
354	368,1589,3252,45,3257
988	1286,3537,3210,2087,3044
3148	1673,3178,508,778,3147
1302	1962,1246,2420,1674,3361
580	282,114,1680,3685,915
421	588,3479,2240,1014,262
2982	2974,1325,1328,3442,2461
2022	2076,1333,1186,3168,1674
2939	2206,3199,903,2467,2940
1788	3200,1914,1041,2313,2155
1931	940,1254,1267,898,944
1612	2029,2436,2469,2282,735
1235	1077,1292,3504,1230,1263
1942	3735,1950,1929,1931,930
805	832,628,1672,454,802
2267	2561,468,1518,1459,21
2112	1729,2268,3100,3526,454
3548	3088,915,900,933,955
1897	247,45,1678,1885,162
3153	1019,3740,3807,3576,2872
1860	2611,2579,2360,3317,300
2232	1748,724,1909,2455,1921
2332	2887,3579,3537,1221,2271
3030	913,2905,1217,940,3629
3377
2151	2378,2470,1485,3033,2294
2891	1883,52,2759,2155,45
2766	3720,3457,1441,125,367
2743	289,2082,3111,3105,249
3451	3035,3244,911,3507,1250
3661	3660,2338,3662,2328,435
2365	2363,2985,1690,2288,2532
3611	1025,2717,512,2060,2048
151	161,1408,1393,3256,349
3553	2888,3882,3273,2188,3483
2786	252,2134,2096,2375,2946
2385	2723,435,1409,1057,410
314	300,337,2857,235,1305
2801	534,766,1683,3083,3148
1661	1459,161,1645,1479,2433
1948	910,3334,1262,1254,3037
630	2331,1727,987,422,2769
1205	3698,2143,2011,2046,2985
968	2455,2288,2664,2529,2363
3359	1955,1954,3363,1247,2313
2885	2165,1051,562,1880,803
1439	2380,2379,231,1753,209
3341	916,947,933,930,3334
1591	44,1391,1831,1690,349
253	1339,1407,3499,1092,1682
927	909,2612,3061,931,898
3200	3504,3362,921,1234,3685
3778
3326	3301,3753,3174,3785,3536
3239	3083,3798,526,567,1235
2979	1498,3727,2097,2613,2513
3624	112,3753,3300,3948,3745
3514	3571,1002,3720,3859,124
523	1190,2171,17,337,2439
2201	898,951,929,958,933
3024	1975,1345,1762,426,1983
2738	348,1296,2739,1096,218
2635	2652,3018,3660,2646,3837
3351	3021,1984,3732,2119,1339
3531	1068,2920,3093,359,1211
846	1880,3571,176,562,1635
13	1029,709,616,48,594
3048	3033,2378,2151,2407,2736
3334	1284,930,3037,913,1254
2863	2946,1230,910,2857,2300
617	2127,1554,3136,1392,1444
1154	2182,1248,1935,946,936
2699	442,292,2094,1391,70
3806	2530,3494,3487,3082,3638
333	231,104,216,1777,3253
3374	2124,3334,731,1928,2341
3646	3784,2953,3827,3752,3785
23	454,1047,592,3063,1608
2642	2641,2643,2011,1373,2094
1494	2860,19,837,362,1588
237	1457,339,3259,236,361
1507	2803,1643,3071,3044,587
1233	1953,1084,1208,2944,1263
2441	2280,388,164,2067,2268
1034	1120,1884,2391,112,3476
2764	3551,2819,2407,2763,2871
2227	1419,2206,945,950,951
3434	3433,3432,3431,2411,2002
3469	1084,1276,3359,3198,898
331	1187,1611,1312,452,461
2504	1682,2506,2889,218,1271
2976	3081,2712,2502,2710,2683
3932	3927,3936,3929,3930,2454
532	235,3264,1994,1129,3258
3126	3911,3948,1613,3624,3851
842	2026,328,1991,366,2120
2210	2204,2212,965,929,2208
1381	1012,3844,1453,938,2100
272	235,475,300,1357,515
429	784,2249,3033,2717,663
2903	1970,2902,1845,548,208
368	1608,292,2006,648,1378
3769	3654,3836,2921,3635,3639
1660	11,509,2442,1271,300
2091	1009,1371,2455,2968,2080
3069	3037,1955,1293,3546,2866
276	3255,1569,539,339,852
3425	3426,3263,369,36,372
1555	939,3305,3642,967,1154
3526	2144,3039,2797,2915,3448
3065	1000,1114,3761,92,2798
3911	3897,3481,3948,3317,3893
1126	3301,2193,2253,3489,2143
2323	766,1963,2692,2612,1719
1345	1350,1321,3499,1333,1982
3743	3798,3225,3752,3568,1680
476	1187,1650,662,590,1784
2455	2985,1994,2407,2288,1321
75	3048,1863,2888,2448,3385
2965	44,3624,1453,2974,1325
3576	2288,2662,1321,3727,3702
2873	1460,3045,1306,3028,732
2111	3039,3552,2110,3087,3210
1270	3039,3361,2918,592,1376
17	838,3260,515,300,265
2569	3489,3735,1228,1876,2944
3367	3366,3836,1408,2402,2470
3724	3733,2313,3244,3685,3359
1176	308,306,334,1041,515
3799	3054,2354,588,471,1713
3316	3301,3513,1918,3623,1687
810	3774,626,3345,93,3014
1651	1053,50,11,249,468
1447	481,1729,1641,999,1404
1243	2150,300,2117,2144,2321
1529	166,1454,1921,2864,1517
361	587,2671,1721,539,7
3871	3681,3467,3334,2871,1204
180	2502,3253,3033,1517,2706
445	1665,3208,466,3398,1066
1204	1262,2944,1294,1287,1250
1088	2942,1380,587,2100,1101
3951	3900,3747,2966,3915,3794
1785	431,293,800,1466,2949
1629	1569,1821,1441,1614,3045
2803	454,350,587,832,292
1621	1246,3045,4,1498,2161
3149	3452,3173,240,3863,103
1432	5,204,514,1586,1801
459	1616,368,1687,1385,1378
1460	1713,1018,1707,107,1588
966	3058,3936,3405,3341,222
3188	1264,3422,1449,3083,3098
163	2353,2006,353,2167,733
349	3256,1608,733,2353,474
1404	1061,1480,1892,647,2331
3203	3505,2763,2118,1127,3219
2345	2970,3167,2303,3496,3359
59	3533,3569,1859,77,3002
2759	2572,2770,2599,2395,1641
924	1206,750,1247,3471,541
3510	3555,3753,3408,3481,3755
573	2068,1177,2590,301,1264
1791	1589,2788,1620,2312,3137
3707	1124,3703,2474,3101,2240
1674	1231,1302,1962,2100,3363
2646	2651,2650,2647,2649,2653
3530	807,771,2920,199,2732
595	364,588,2081,1022,594
2398	954,1674,953,1103,594
3471	2529,2407,1206,2640,2947
3480	2114,2145,2420,2240,3591
1209	3681,1201,2921,1234,2944
2606	799,2428,3081,328,2335
3089	2130,1945,3683,2357,1719
2836	441,1641,585,785,2321
1722	10,3082,165,3256,1370
986	1015,60,11,362,2687
3427	3366,2407,999,2001,3628
3572	1342,3273,196,1261,1645
207	339,1569,2671,11,3528
1230	1244,1136,1247,2863,1077
3595	2360,1176,3125,942,3186
1465	280,1061,1466,3252,1693
3846	2416,1347,333,3525,2409
3421	3039,1220,1278,3671,3552
829	2429,3785,1088,861,2094
1453	2059,374,1457,5,585
2073	2779,3591,3478,1010,2301
1092	1343,454,2268,1370,350
2315	2428,1978,2107,2617,2606
3518	1571,2495,1151,373,851
3602	3605,3600,3628,3610,1958
2727	2726,3364,2729,1248,2182
3697	1320,1690,196,786,1831
541	3703,1200,2968,1262,924
2382	2381,435,3392,2378,88
1398	60,837,3269,2558,1588
1659	1295,1773,3083,3056,1163
3110	2734,2070,1186,2988,3360
1880	846,2729,2885,1051,1441
3835	3249,3844,3063,1668,481
135	2380,19,2082,317,1702
1935	1945,3467,2612,1944,41
1902	2739,236,1968,222,1343
2070	1096,3068,1959,3169,3135
1474	1588,2953,586,158,355
3194	2312,477,1955,1962,1964
2993	2949,2948,2947,3635,2989
780	316,1608,1527,1917,733
1449	562,348,125,3911,1885
2188	2706,2447,724,2598,2683
2929	1299,1124,1295,1244,1957
1861	3920,2769,3241,3150,3509
1365	728,538,194,838,85
2245	3039,2100,2145,2469,1674
2800	1025,2137,2078,1717,2038
3481	3911,3317,1500,3160,1673
267	2335,19,153,333,520
3072	3361,2352,2243,3685,3526
1326	1330,1988,2514,606,1979
216	104,333,2694,88,2335
2546	3004,2432,2152,3271,2694
3903	3914,3794,2626,3949,2272
2411	2410,2409,2412,3431,2001
195	1353,539,3259,339,222
1879	831,2160,1535,1350,1041
3371	2065,3168,2349,921,3152
3003	2933,128,2833,2627,2686
2284	1893,3547,800,2609,3831
844	3811,2076,2621,1419,3167
360	517,2094,423,153,1586
2962	114,2998,2197,2834,2157
880	1690,3698,230,3863,1391
1653	2985,1748,1584,1921,1527
3357	3538,3289,3747,265,3566
2380	2381,2379,135,1439,3120
2458	3591,3385,2261,2374,2379
941	940,947,1931,2470,3364
3892	3948,314,962,1120,3580
2008	2455,1102,448,1679,3043
3836	3366,3654,2944,3062,1201
1772	135,450,2011,2153,2253
3855	3822,2610,3241,3079,1758
2624	1041,2908,3150,1217,3075
3672	1022,1012,2080,1030,2018
3639	3635,2991,2949,3638,2989
3275	3117,349,2542,1343,3950
3685	2243,3072,921,2065,2130
2580	2706,2395,2700,223,1805
2984	2470,1936,2361,3036,3308
3270	1271,261,2125,3247,207
908	904,903,1262,1250,1247
2672	2393,2617,1909,1391,3300
3745	3793,3863,3624,2140,1909
2567	3450,1569,1777,11,440
3719	1784,944,900,3616,1348
2990	2989,2376,3639,10,3635
2629	2340,2485,1666,339,2759
1501	2655,1055,3041,1105,667
2819	3551,1674,3735,3362,1077
707	1179,1459,3256,999,164
3262	16,1909,2076,3246,1120
484	8,146,1547,808,60
830	1614,1569,5,3247,339
1614	440,1485,141,1641,2539
1281	3629,3022,3307,1260,1077
3781	3782,3539,1971,1323,1261
1945	1104,3468,913,926,1254
2630	233,2908,3747,2585,3320
1058	2673,3894,1533,3456,3188
551	235,1517,3396,2174,2700
1099	914,2398,1267,2312,954
2391	2268,1358,2952,1729,1625
3542	659,2824,178,1087,2305
679	1455,1898,304,469,2341
719	1777,2335,673,1894,784
2042	1005,2082,5,2953,1021
1255	1241,735,1984,2460,3013
2097	1347,1994,2118,2161,3701
119	228,2293,1677,191,275
2773	206,3872,3330,2538,3910
1450	263,3131,3357,1177,1471
1437	1669,1533,235,29,1719
3116	3186,3636,999,3791,2415
2156	2506,664,1059,838,2637
3732	3727,229,3013,1128,3918
1633	300,2439,1271,272,194
1703	637,2042,1390,1911,1474
1915	2874,3208,3516,514,2826
3775	3776,2135,3740,1022,2644
2643	2642,173,2641,2094,1562
2358	1951,3090,1037,3347,372
2191	1696,1440,3110,3224,2075
2011	2012,2470,2640,2407,2001
3409	3510,3300,2722,3555,3484
1011	2051,1007,901,2405,2040
2125	597,1569,1680,11,2316
1047	2353,163,2167,2490,733
946	936,947,1269,945,2936
1675
371	144,2245,339,1958,440
945	916,900,907,1066,899
9	1497,379,95,544,204
1498	361,282,3249,372,1621
2276	272,300,1041,2442,1650
1268	1120,1682,2108,2144,3253
2268	1682,150,1393,3386,1396
1353	289,1569,830,587,3247
3760	2109,3868,3253,3210,235
1735	1680,1393,1059,339,1088
1228	1952,111,1185,3735,3360
909	1276,898,911,910,3363
3243	3120,2335,65,2889,3740
2530	2533,2532,2531,2529,1019
638	2424,805,94,587,1907
1906	1954,1279,3145,2542,3481
3525	3591,2011,2457,1485,2134
3527	2985,2105,1129,2407,2640
2820	1569,1296,3037,2565,3296
1784	3255,150,2302,2268,1923
21	3253,2108,3108,6,1883
2804	1288,1225,3552,2918,1242
840	1005,513,2491,248,437
15	1562,423,533,1479,1544
57	22,2144,3686,45,1810
35	351,534,1056,2682,461
1885	778,337,1635,562,45
1090	1222,1674,1231,1302,3448
2590	85,1119,369,1482,72
1939	3334,3196,1938,3545,1945
2069	1124,1185,1295,2312,2919
1973	1970,1969,1971,366,1972
2209	2178,1939,3163,1963,3675
3224	1084,2289,1217,3108,3089
3698	3527,3704,2985,592,2105
369	1660,3426,3425,269,412
3345	626,2048,1010,2870,1932
213	345,3538,265,1446,215
2452	3442,2514,3024,3339,998
2333	2336,1635,300,41,2390
1378	2001,1101,3441,368,1379
420	2002,1918,2006,2405,2985
2902	1970,2513,1623,1330,1995
2806	2107,2719,2701,3708,2428
1992	1991,1985,3708,1993,2107
751	190,2612,3090,2648,3223
2597	413,1801,886,830,63
95	1608,1792,1385,2058,2273
2542	47,1500,778,2580,1729
1644	1717,2338,1407,2513,2279
3498	3198,1955,3362,2852,1674
2104	3111,3370,3071,1393,2240
275	2375,1011,1007,203,536
3938	3941,3942,3939,1973,512
3803	1041,3447,25,1305,137
3424	2289,1285,3362,1079,235
560	1810,2297,269,272,57
2263	1091,3505,2378,3274,3699
1152	1068,3334,3094,2066,926
377	733,3256,1370,2058,474
3923	3917,2513,1334,3932,2651
2139	2140,2161,2005,1025,1033
1981	1980,1975,1978,2149,1985
3662	1992,3661,2740,1341,1991
807	2203,306,922,3530,2962
776	3223,461,1897,1484,176
2941	2565,914,938,1951,899
1649	162,994,206,2926,3007
898	930,1103,909,910,905
1878	1863,445,234,2306,387
3186	3844,3176,1271,3147,1268
11	440,539,2302,597,1393
298	1914,568,232,1354,1243
3150	2966,2624,3730,1249,263
3877	2375,2872,379,2421,2507
3140	3681,1262,3763,946,3532
2412	2411,2410,2409,736,95
3555	3510,3753,3513,1608,3623
3692	2163,1974,1341,2513,1331
1826	2955,1470,470,1495,1490
2423	2795,3039,2134,2794,2144
47	1358,1625,474,2268,3499
936	947,951,1244,2936,946
3844	2420,597,1090,1958,1271
1038	800,1216,337,2391,3897
1120	1673,300,778,1682,16
994	1673,235,1095,800,337
589	1200,1240,1370,3527,165
2110	1994,2111,3685,2407,3591
351	1569,222,708,1271,218
964	3365,2401,2991,1272,2921
731	1125,3689,440,707,266
2351	2160,1217,2612,1208,1251
1611	562,1120,1268,778,1187
297	280,358,1729,1747,3444
1160
2183	933,931,2212,930,2206
3178	2268,474,3148,3916,3006
1421	662,3350,383,280,376
2715
2115	1291,592,2406,1101,2470
1236	562,247,176,1719,2289
2733	2306,552,1167,2054,1826
3070	2985,1376,2968,1129,2407
2691	2660,3176,1401,3029,3405
599	1201,2951,3681,1266,1227
2861	2881,3005,2485,2433,3408
3933	2614,3931,2462,3351,2992
1249	2819,1094,2455,1090,3267
53	1116,496,1312,621,1596
1799	2231,1061,3686,1407,999
2352	3361,3526,3039,1674,2243
214	2933,2905,2577,3010,2912
34	2384,300,39,588,2321
2152	2052,609,1021,1474,1588
3567	213,523,2708,3911,3822
1373	1375,1372,1376,329,2393
1488	2058,3107,10,1616,3441
341	2943,176,1952,1880,2024
2330	2968,778,1147,2890,3742
3136	835,371,2088,1295,2127
2145	2144,1290,2134,2245,2248
3324	2889,3301,514,3249,3863
2421	2420,2422,2735,2405,2470
132	436,409,3015,1488,2763
3064	3063,2456,3835,463,2638
3643	3628,3441,3062,3066,3494
2344	2288,2985,474,1953,3362
2271	1885,3246,1120,1034,2231
1551	2370,1246,2054,344,2161
1574	1034,3242,3617,2544,2963
1523	1061,2260,3857,3896,1841
481	555,1625,1343,16,1729
2206	931,1086,2186,930,906
1718	1434,3557,76,1670,1016
2615	3697,2193,2640,1371,253
3082	1722,10,3256,349,2006
1646	1010,585,2796,158,104
3431	3432,3433,3434,2411,2409
2028	318,527,1704,110,1213
1042	2321,3255,597,440,500
3018	1350,3576,2867,1261,3499
2106	1088,587,339,3528,1441
609	1015,2053,48,1021,2152
308	306,307,1041,2289,232
982	948,3035,2300,971,3451
1169	3152,3730,922,2824,3551
1025	2085,3034,1032,2096,596
3423	159,2929,3135,1124,2369
3693	3703,2003,3727,3698,663
2817	2816,1100,420,3441,173
1699	2912,1885,1834,1179,778
1330	1974,1985,1970,1350,3016
1380	2080,2078,1088,1029,1081
2834	236,531,2581,3512,302
3111	2739,1246,1674,3360,2469
1796	717,67,1891,774,2602
3017	328,3016,1970,1969,1655
736	292,1552,1608,1917,2002
3638	3639,2989,3635,2376,2991
1245	300,778,3683,1095,2750
312	3255,1405,367,3809,1391
317	2,367,653,2054,586
1240	1036,3527,1291,1222,592
2329	2890,3006,1120,2391,1673
2033	3034,2161,588,3489,2090
191	782,1586,3107,2513,640
3767	3766,3768,3432,2404,2402
2663	2665,2667,3375,2553,2554
2524	2013,2989,2535,2991,2409
1615	1892,3686,1092,1625,1049
3221	2934,1264,3037,1885,2932
717	1796,67,1891,774,2602
1554	25,2020,2324,471,778
1116	446,1312,53,2171,334
1596	506,159,1271,1955,1611
1389	2121,3826,3301,1644,1391
1104	1945,1103,898,926,1952
2105	3527,2140,2985,1375,1527
2465	2119,2513,2754,3016,3576
3249	454,3274,1092,3101,500
2060	1923,3040,1777,3087,2371
3068	1674,1231,3735,1955,1096
3523	2737,2810,234,2774,3864
1471	3131,475,515,508,3215
2574	2392,2694,2724,2676,2095
2493	2994,2442,1678,412,314
1002	3514,3571,123,3182,804
2221	2398,3736,3618,580,973
2933	3415,214,3192,1900,1267
1445	688,637,1377,516,1005
1587	1275,2989,2985,1374,3639
1601	1805,1799,3249,349,3274
1930	1943,1937,1934,948,1951
3283	3588,599,3075,3362,1955
1917	1552,1608,733,1876,780
3159	1282,2355,1022,3510,2394
31	292,1792,491,350,222
1927	3196,1267,1262,1944,926
263	3090,2357,3747,1041,515
2782	2784,1347,1130,1345,2652
3573
2155	322,2282,2395,562,1747
2261	1297,2144,1257,2915,1968
383	553,1090,292,2401,1608
1747	3253,2321,1641,3108,3255
788	2054,2012,367,317,442
33	2844,2950,490,1797,249
2132	971,909,1267,3468,1964
1962	1302,1674,1246,1961,2739
3755	3753,3510,3555,454,2268
1619	62,151,832,1393,266
1480	1834,1404,1783,1246,2058
2571	474,778,3702,2951,1653
874
2934	3221,1362,2932,456,1131
929	931,2204,930,936,2206
729	1151,3221,3223,495,2239
801	218,262,830,339,2
3826	3717,2273,3617,2003,3753
2003	1407,1347,1994,2517,2005
3076	2948,2870,2779,3469,2857
1572	1953,2129,3266,1267,154
3688	2134,2378,3210,3591,3525
3127	1840,851,3854,2291,162
3512	3536,3565,3755,3948,3409
1546	176,2966,1236,1539,2612
1056	35,308,1643,1836,1354
3552	1663,3039,2795,3210,1220
3868	3869,1517,3039,3526,2918
1836	94,574,1060,1875,1589
3830	1480,2622,3927,1690,3915
3219	2841,2734,2688,2707,1343
3168	2871,1103,1276,1952,1222
259	2561,3267,1466,431,81
3296	909,1962,1950,3198,1012
186	1485,520,1457,5,2141
3179	3176,2336,3185,3148,3155
1990	1969,3917,3663,3797,3874
352	308,1955,1186,1084,235
2320	2391,1343,230,1342,1488
174	65,1461,193,473,3120
3787	3751,3746,314,2712,3539
1809	2551,2159,1041,2202,3726
1280	446,306,232,1185,3260
3588	3167,3200,1955,2932,2779
3833	2646,2288,3763,512,3832
2711	3115,265,2891,357,2583
1188	1094,17,342,39,1641
498	339,269,2629,585,1409
471	1641,3253,440,16,348
1017	2470,2080,1025,2085,596
1121	386,1103,118,2862,1167
2388	3903,2626,2435,337,3538
1584	1396,1356,1653,1909,32
2369	2247,3524,3685,1081,2919
1971	1970,1969,1972,1973,2003
3289	3538,3357,3481,2774,3515
2163	3040,2747,2746,3264,2946
2923	3814,3683,1963,334,3196
3037	3334,1953,1077,1955,3735
1535	1734,2721,2626,3094,3246
2566	2354,2142,1487,2089,1416
2147	674,1044,2950,2568,2013
1139	1449,2545,337,570,2324
2140	1967,2161,2105,2139,2968
1956	1955,1225,1231,1293,2352
2390	2690,2333,2336,1643,1537
3022	1281,3629,3307,951,3462
1346	1321,1347,1333,1407,1974
3764	736,517,3763,2002,1552
2812	2722,2985,3178,2273,3316
2713	2722,2826,3264,2605,2428
858	1221,1247,1193,1252,923
938	914,1951,3549,1380,2941
1123	581,3733,162,1082,994
2710	3081,785,2683,1407,2706
2108	440,3253,21,357,1641
3263	2302,3253,1485,454,3039
410	2124,1883,1405,3039,585
3292	82,199,581,1913,3742
3128	388,1446,3547,3111,3457
2734	1093,3219,2013,1959,2474
1497	9,704,379,1862,1004
1354	994,3083,300,1041,562
3674	3672,2014,2421,2090,1286
3066	3062,2944,1263,3654,647
240	70,1970,3696,2513,1544
2301	3448,3253,2245,2144,2134
2141	1033,2081,2161,1032,2080
1846	35,1216,627,299,351
3273	1717,2338,1644,1407,3081
2851	2524,3698,1690,3032,3701
3046	337,1392,171,2108,488
665	2830,1148,111,1274,645
3756	3720,3083,3822,3094,3897
2875	3269,282,500,587,597
1552	1608,733,1917,165,349
748	329,1356,2699,3274,198
2813	3008,3007,3569,2560,3886
1875	1648,2295,1836,728,1414
3827	3948,3753,3555,3510,3624
160	1690,173,316,1586,2393
3610	3257,3602,1022,3600,3487
1636	2809,3597,2597,882,360
2092	3439,1064,48,1359,153
2757	3068,2369,3684,2988,2348
2026	1644,1980,842,2338,1717
489	57,804,3618,1010,830
928	930,2186,951,898,908
2634	2651,2652,1334,2638,2782
1132	1131,1185,1960,1246,2020
2975	3118,3252,2707,3565,2178
3509	3300,337,3534,3882,3624
2414	2115,2640,2105,2641,2407
446	1280,337,1183,1188,25
1411	300,3723,2890,778,357
905	898,951,955,926,3334
3349	3675,2205,3061,2612,929
3655	3788,3546,1086,154,2130
88	344,216,333,2335,3253
2492	2580,2502,2333,223,2706
2461	2787,2548,1992,3273,1983
454	832,1625,3256,587,2803
692	2322,547,2808,1562,2001
3225	3299,3743,44,1658,2589
3470	3091,2935,2632,936,3359
1680	2125,539,11,339,1393
754	1685,274,2087,191,2987
1379	1378,2002,1608,1370,3107
3629	3307,1281,3462,3022,1077
376	1608,733,1370,1552,368
3473	2131,1217,970,665,3030
3584	3590,2403,3441,3529,2088
2876	709,1033,1012,881,594
2575	1719,1041,501,2692,3566
1729	1466,2268,2391,2231,6
2701	1831,316,173,1562,153
266	1569,11,597,3107,539
185	454,1917,1544,1909,1831
1980	1975,1979,1981,1978,2026
661	783,364,2294,551,1688
594	1022,596,1029,2096,2018
3433	3434,3432,3431,227,2411
1339	253,1407,1994,1347,70
2181	2180,931,2346,1086,2183
2928	2551,3361,2420,1393,3098
3747	3911,3317,3083,3481,3794
2174	1079,2100,1073,3526,3210
460	2036,374,1005,2052,1353
215	535,348,1747,25,1517
1273	3521,1179,535,3019,3925
64	5,3909,473,1588,1703
343	2379,3243,1806,1353,432
2131	2925,2239,1208,2920,3473
2159	3499,3476,1215,3728,2160
2523	2177,2819,3395,2457,585
3785	3617,3753,3301,3948,3882
1758	1683,11,454,999,2611
1361	562,3019,111,3182,162
1221	858,1953,1304,1954,1213
340	491,2,2236,2112,383
1892	1625,832,1459,454,1092
1679	1102,333,3043,2008,418
1824	999,627,441,521,2387
397	3725,1306,1554,299,2532
1635	778,1834,1885,1719,1673
2468	2405,2471,3444,2001,2407
1732	2391,1883,235,1343,1500
958	943,2927,2204,907,933
1944	3334,1950,3196,969,954
3637	2440,2076,2932,3547,3198
1278	3671,2300,3421,1080,910
3612	1947,938,1951,914,1073
2197	161,2272,2962,1073,848
1190	523,1611,3071,3125,1120
2739	1962,1302,1674,2313,1958
3795	2171,3911,3319,2697,3783
427	1909,3274,230,1125,2108
3917	3918,2513,3016,2867,1327
2827	3113,1488,2605,2672,782
3668	1947,2067,1296,2080,1084
1590	1779,44,196,748,1377
2963	1611,2442,3402,556,1811
2463	3039,1663,2407,2470,2406
2654	1340,2651,2644,3576,2664
1175	2289,29,2788,3521,235
2991	3639,3635,2989,2993,2376
2555	2392,355,267,2301,801
1377	153,1562,10,2006,592
305	3712,2413,348,1614,492
2762	293,1089,2871,50,1639
3464	2038,1522,2450,172,2613
25	337,1639,36,3108,1120
3129	2750,52,3897,1057,1701
1487	3270,1672,587,2245,2268
999	1061,1589,1732,1729,21
3386	2268,300,454,1673,1682
2787	2003,2900,2517,3708,1994
2474	1302,2420,2240,1124,1393
1007	2040,2015,1378,1011,2099
2945	230,3468,2983,1269,2181
813	2506,2735,118,3269,429
3335	1069,942,3140,905,3492
1016	2040,1018,2470,2407,1380
2176	930,965,2186,1086,2202
2712	3174,785,2710,1729,1682
1018	1010,1016,2015,616,2054
3746	3787,3897,2336,1545,3241
2535	2524,2985,2013,1327,2240
2257	2518,58,3103,3385,2241
2286	2413,2414,3264,2991,2528
3257	168,1479,1370,292,1552
3517	1067,1412,956,467,1507
3258	2124,830,2133,2407,3255
2016	1007,2717,2141,2050,2372
3031	2378,2124,317,435,2946
2794	2423,2378,2134,2478,2375
1610	474,3256,2353,349,2194
338	2011,3698,434,3697,1544
2978	2335,1457,708,2581,2496
3157	2081,48,1367,362,2355
3204	3551,2871,2407,2009,2313
2999	2390,2542,368,1317,2265
76	2699,849,3300,1603,3032
2728	2944,1287,1276,1952,3654
2872	2194,3702,1275,3479,3703
824	1276,1260,2920,334,2923
2610	308,3083,307,306,247
2568	2605,1126,3301,332,423
1113	1031,3155,339,708,830
2869	712,1846,1038,1458,2175
885	1806,2162,212,2429,2953
1592	1367,3400,830,455,577
2413	2144,2134,3033,2478,3526
2077	2085,2141,1017,1022,2096
3865	3327,3328,1171,144,1921
204	1385,2126,1792,1744,1438
16	1343,2268,1120,454,431
1199	1206,3702,2968,2985,32
2880	2879,112,1858,1429,861
1582	258,2953,609,2559,577
2681	1356,3576,1910,2407,2393
175	25,1120,778,2580,441
1044	778,2437,111,154,2871
2867	1321,2003,1994,1130,1347
3931	674,924,2644,1168,1025
2294	364,588,2355,1907,2078
439	820,1511,3122,3368,959
1900	308,235,1252,1533,2933
3559	3168,3632,949,1103,2132
2725	2442,1921,778,2542,25
2602	2712,3943,3897,717,67
3028	1096,1303,921,1099,838
2785	3627,3659,3340,2784,60
200	3673,3449,3393,704,3392
3435	2186,913,930,1945,3683
3937	3441,1544,2116,3917,3197
3272	1729,175,1093,16,1120
1475	2357,1816,39,3046,587
3304	2819,3038,1649,1945,3099
3601	2892,1377,1839,840,3014
1306	85,506,1077,3067,1914
261	1271,222,2145,1643,1680
3596	3536,3624,886,3535,3534
726
2299	212,2791,3501,1894,2984
1916	1885,1732,45,3317,3897
2740	3662,1341,3935,1987,2460
1261	1215,70,3698,112,2617
245	1504,758,2342,53,682
40	3684,1727,3148,3271,3179
50	1089,47,1617,1358,2268
3528	454,597,1569,587,11
87	2720,733,2691,3820,466
923	1276,912,111,1228,3359
480	780,2916,3527,1909,377
1526	1855,830,216,135,3387
1130	1321,2118,2867,1994,2455
1258	1994,1997,3499,1222,1321
659	154,602,728,3075,2010
12	1665,2647,879,1342,3208
347	308,2750,1865,352,448
2310	2070,2395,2690,2390,2396
3039	3210,1663,2915,3552,3526
3235	785,1257,3267,3551,2109
1657	154,535,2725,1893,2442
2002	1918,2001,1370,165,292
482	481,1729,1343,293,1625
3825	3717,3484,3861,1639,3301
1457	450,339,3269,237,1569
2507	3721,52,3253,21,3185
3311	3801,3432,3643,954,3368
2102	2085,594,2087,2078,1028
3121	1248,1153,3741,967,958
3462	3307,3629,1207,905,913
96	28,1213,300,1086,3125
2194	1954,1036,3104,1222,592
3735	3362,1953,3551,3730,3733
757	1080,1923,1173,1649,936
3118	3115,2442,36,300,1660
463	3257,1290,291,2340,494
2335	1777,333,2694,216,413
3840	1407,2455,3727,2992,3837
2433	2688,2707,2683,2770,647
1890	1511,409,1733,3206,2188
867	1911,747,2378,1707,743
3832	3837,3587,1274,2488,3833
2724	2671,1569,2581,339,2881
81	1805,555,1298,22,337
621	461,53,84,1312,2590
1355	2328,2004,2003,177,2126
208	1377,434,316,1370,648
166	1529,2440,2844,22,2193
2034	2105,1375,1371,2640,1373
84	621,851,1875,225,85
3591	3448,2134,2144,3039,2470
412	515,1678,475,3260,272
3618	3948,3893,3317,3556,3897
1081	1380,2247,3524,2469,2407
3459	2495,906,2163,3266,2118
2403	3527,3441,2001,2985,1101
3793	3745,3753,3033,3623,551
769	1123,3296,1189,3605,3072
3689	3688,3690,3087,2413,423
3616	112,587,2273,2889,3263
2006	1608,10,1722,733,292
147	1120,337,300,1810,471
3029	3763,2985,2001,2989,2944
3615	2394,2294,3623,3752,2125
2767	2108,308,307,1884,778
196	1690,1544,2393,1862,316
2150	1968,1079,2915,3039,1663
2353	3256,1608,474,349,2058
1955	1962,1956,3359,3135,1124
3083	3911,1354,994,3067,1635
3625	464,3865,1952,2061,3728
1671	1824,1892,2320,1785,1627
2035	3922,3924,3921,2052,3268
1733	1758,1541,506,1658,2171
2477	3715,1995,3638,2955,1826
1422	1459,1597,1892,1552,350
1238	2247,905,921,2349,2973
450	1457,805,3269,11,1061
1893	154,2609,1446,1228,2284
1470	2955,1826,470,1495,1490
2908	2692,1635,3176,2997,3160
1519
2432	2506,2424,1271,1888,1588
3391	516,1569,2134,2794,2420
1881	1907,1688,1702,1463,485
145	1552,292,736,368,349
862	301,2385,337,247,650
678	1358,1094,1663,1179,150
3372	3628,3494,3062,3643,3766
839	163,44,1552,996,1831
1837	1702,1581,673,3709,2103
149	1904,3730,1057,417,3620
3333	1263,2757,1264,2130,650
806	159,1120,431,14,3498
1405	1476,3253,2539,2124,3263
991	151,300,2890,3252,3148
258	1359,1582,2,1005,2559
1186	1246,2312,2243,1674,1295
647	161,349,3256,3448,2268
2004	799,2003,1717,328,466
649	3201,551,535,514,2774
1876	1917,316,2353,1573,780
414	1020,837,2581,1017,2471
1678	3246,1271,3148,3252,1682
3468	1945,3198,3735,1952,1203
1269	933,3088,3035,1278,911
1357	1094,300,1358,3105,508
3211	300,3194,1185,1186,2463
2721	3914,2775,1535,2125,1046
3049	2211,2863,2946,3873,734
934	3451,1073,3035,1380,2407
475	300,508,3100,1120,1185
1385	1370,165,474,380,2001
2729	1952,3152,1077,1913,1288
379	1385,196,648,2393,316
2960	84,1531,2636,1384,1369
3043	1102,333,1679,2008,1105
90	3035,3683,936,949,1873
3084	3609,2824,1123,77,1169
3457	3822,2766,3128,3594,2690
470	2955,1826,1470,1495,1490
3620	1897,864,1794,149,1611
2695	1998,1988,1980,1341,2448
3587	3832,1984,1350,3837,2058
3562	3909,3885,3626,3882,3566
2754	2465,3351,2740,3935,3692
1833	1597,95,1608,786,1479
225	454,1092,2803,1343,257
181	2053,1551,2152,1460,2119
2240	2420,2474,3360,1186,1246
38	486,2392,1021,3043,1644
70	1215,2167,1261,1407,1676
1952	3201,1247,1103,1950,1228
509	1094,1183,535,357,1674
1929	942,3334,1942,901,920
1179	2917,2289,3019,1729,1084
1616	1722,494,2058,786,1479
2469	2245,2145,2247,3524,2100
1395	2352,2750,3685,3308,21
391	409,481,2012,2011,998
232	17,265,308,85,2289
3703	3702,3704,2985,3527,1129
766	194,1449,1120,1611,2442
2650	2646,2647,2649,2651,2653
426	2455,2288,891,2454,1370
2017	2015,1030,2043,2123,1022
190	538,2160,3728,3446,994
799	1407,2004,3081,2617,2003
1290	2145,2248,1246,2469,1101
2854	2521,79,2306,259,3248
664	2156,2637,241,499,2743
301	2293,1635,187,2686,926
2064	1394,235,246,1276,3424
2946	2863,2857,235,1267,3545
2494	1950,227,3044,3372,3403
2208	965,930,3334,2935,947
1390	2335,586,2375,333,2141
875	464,2141,2794,628,520
503	850,583,764,3019,45
1556	1590,1833,1606,3705,1515
2662	1253,1301,2944,2529,1019
2496	317,339,2581,11,3247
2844	1343,508,194,2912,1589
956	943,932,915,615,1086
691	2125,1888,1569,2506,7
815	437,3392,2851,2448,2306
2883	3108,1641,1500,3210,2502
1499	2617,1438,1552,879,208
2973	1244,2289,1080,3201,2064
2058	2353,3256,1608,474,1370
3401	2748,2017,3705,2642,2034
18	70,1377,3686,832,3020
2670	3062,2944,3654,2669,3334
1053	535,50,1704,1651,2849
3580	3457,1041,348,3079,715
71	1004,204,1626,849,1744
1669	1446,1897,1719,300,309
3299	3225,1031,3156,708,2431
299	1794,2336,171,1063,3125
3500	2424,231,3524,361,3497
3811	2917,1299,1224,3789,1267
3261	372,1777,1923,2248,1500
125	2321,348,176,1449,1060
3014	2363,2366,93,2531,3421
2839	2357,1365,1190,523,2843
2916	3256,349,733,3527,1527
1073	2174,2797,594,3396,2640
2871	1263,3168,3362,1084,1278
1414	1641,348,3108,1517,1827
3783	3317,1834,3949,3897,3911
1282	594,1029,1022,1028,2087
2956	2802,3102,2741,3505,1620
3099	3244,3167,1964,2779,898
2665	3375,2663,2613,2553,2519
203	1614,3264,3247,468,1457
902	915,1247,914,1094,1186
1410	1457,1614,1821,830,788
3475	1086,948,2186,930,909
1216	2734,3044,1185,1487,2639
963	938,2048,2096,2083,3398
1483	112,866,2348,3272,600
3915	3893,3882,3556,3568,3317
1991	1970,1407,1339,1992,2517
1913	3201,3334,1964,1419,2729
1316	3124,2017,3599,3672,2043
2647	2653,2651,2550,2646,2649
2874	3549,901,3516,3604,1081
2889	2567,3301,514,3591,587
1341	1994,1974,2740,3499,1983
296	1213,1089,608,1358,1278
2651	2654,2647,2634,2646,2653
210	3508,458,2401,416,1266
802	11,587,805,1393,454
1739	1588,1086,2647,12,436
1840	300,1883,3263,1682,1729
3752	3617,3948,3863,3753,785
2657	2455,1965,2746,2407,3070
3922	3924,3921,2035,3926,303
2127	3136,617,1444,3874,3050
2389	2617,784,719,1644,2719
2805	2581,2688,1911,2433,2605
3820	1514,1040,2370,1173,3355
3402	3547,2963,2824,2069,2551
2395	2599,2502,2580,223,2700
3254	1777,543,3253,3869,1485
2882	3005,3006,3111,2605,418
1037	316,434,170,3698,2006
2281	2440,1283,2271,1804,3168
1901	171,2337,1913,2206,2439
3499	1994,1345,253,1407,47
704	1497,9,379,2953,1831
2502	785,3253,2395,2683,2706
2166	999,2420,428,1466,628
1147	246,1189,300,1267,1111
943	933,3359,898,916,905
2674	1554,2106,2348,3783,3677
2219	1525,3344,3832,1933,2904
877	2504,1051,290,2291,279
3253	1517,1777,1923,2302,3255
3496	3071,2739,2077,2852,2345
3565	3512,3534,3301,3477,3784
1943	1945,2313,1253,3451,948
2157	296,2686,1271,697,3249
2577	369,412,3046,186,1179
2559	258,2,1582,577,2098
2292	1541,1922,3686,2723,1658
1985	2107,1977,1992,891,1983
1284	3334,913,930,950,1086
3240	3753,1923,3145,3831,3763
2109	3039,3608,1663,2144,3671
1670	1183,848,1466,628,2964
2736	3448,2301,2463,2134,1135
546	2421,2094,316,135,173
3682	2921,2922,3681,3508,2944
602	154,3201,659,903,2857
252	339,440,2424,3247,468
746	1069,3091,2935,2726,3470
1310	1834,2118,117,1508,3019
2043	2470,3494,2405,2087,2054
1600	45,2231,1404,1054,3318
2448	1762,1479,315,1422,185
549	535,556,272,3814,1041
527	318,2028,50,2890,1358
957	3093,1181,1219,365,105
2244	2546,140,3004,3206,3197
2870	3244,915,2779,3685,2407
1963	1077,921,1078,3671,1244
140	1088,2506,1393,2248,450
3861	3916,3510,3825,3717,3753
1101	2115,1378,2640,3256,2194
1993	1992,1985,1978,1979,328
1518	1608,832,1343,434,3256
303	1377,10,1544,434,95
3448	3591,2797,1246,2001,2407
67	1796,717,1891,774,2602
1030	1022,2090,1032,2096,1031
5	3591,1485,830,3255,2424
3232	3133,3849,1772,944,3872
1882	1831,1918,316,1616,653
2171	1834,994,2442,1885,2336
3366	3654,2951,3062,3836,2921
85	232,3079,1683,1183,412
3669	276,719,153,840,704
1862	196,1690,204,71,1497
3271	508,1682,3386,3105,3100
3701	3699,2407,2470,3698,3039
2735	2001,2405,3698,2421,3740
1231	1674,1957,3360,1090,1293
3636	3116,3746,3787,3822,3118
1178	1939,1254,926,913,3310
113	1672,491,3270,544,2405
1805	1645,1343,2580,1729,454
228	119,2293,1677,191,275
3549	2087,938,914,1022,1951
3790	3617,3174,3753,3241,3148
1294	3363,3671,1234,1953,1247
2442	300,1683,3148,1643,272
2459	1350,1347,2455,1128,2867
3491	2403,2133,3709,1129,2114
291	2470,463,435,2647,1620
2668	1128,2613,3708,435,1994
2688	2605,2881,3005,2433,2763
3670	3643,2941,3766,3467,2896
2600	2712,1676,2692,373,1748
2237	1678,1633,2391,409,988
2526	2613,2553,1590,2364,2549
537	2321,2245,3524,2470,2150
779	222,94,1453,1441,2738
3709	2120,809,459,2513,1837
3360	1302,3098,1231,1674,1246
339	1569,2671,539,440,708
2336	300,3006,2599,36,778
2471	2405,1375,2470,1562,1894
2054	2094,2470,2640,2407,2100
29	2968,32,1175,551,2542
3495	3208,784,2770,3007,532
1144	372,581,1694,2917,176
961	3405,1099,3447,1029,917
485	2735,95,648,10,377
442	1608,780,2699,316,1676
179	2257,430,1651,1715,418
2692	2391,2908,2912,1912,778
3579	3826,3537,3128,3286,3354
2260	1275,2985,1523,2416,420
2499	45,3108,1885,2150,2612
3714	3699,3449,2639,2408,2125
325	542,419,65,2004,2169
1871	901,417,1734,2171,734
1097	1954,3471,2797,1961,1663
1181	990,3389,2737,3434,3433
516	1391,376,2822,2375,1586
3408	3510,3148,3623,3753,3897
2930	1624,3281,363,506,2437
408	2410,2260,3857,1682,1268
304	2133,1961,2011,2302,2711
3751	3911,3481,3897,3948,3745
2096	1022,594,2080,2087,596
2514	1992,426,765,1326,2799
3086	514,3363,368,1125,1321
2467	1962,1674,2993,2944,1953
2297	1835,3252,1569,539,2316
3177	3744,3452,785,3285,3690
3913	3865,3854,2590,3795,1594
1995	1969,1996,1991,3660,2328
2215	907,901,949,3559,945
1937	3061,1946,918,1942,948
600	319,866,999,18,2348
1821	1569,1593,2145,339,2125
1114	1884,2165,492,1173,92
3647	2727,671,1248,1344,3435
2598	2763,2605,3219,2502,2433
405	1591,3889,849,1479,44
3190	1969,1972,1970,891,3884
1206	1199,924,3471,2968,1208
1162	1179,1294,936,1077,3362
3484	3513,3409,3825,3536,3882
2994	1187,446,2493,2590,1119
2302	440,11,3255,3253,597
2126	95,1876,204,434,1586
46	339,222,62,2875,207
373	2391,1343,1834,3362,300
1299	1231,1960,1263,1674,3735
3248	158,2082,48,1474,830
3309	3724,1231,1300,2251,3822
3303	2813,2179,3689,3886,2579
2356	52,1701,1449,1916,492
2694	2683,216,2541,2572,3005
732	1561,2873,1121,1455,131
2761	595,1907,2394,1022,2912
3095	926,1207,1084,1945,954
2327	1342,317,3476,2004,1690
1374	1376,1375,1356,2985,2529
3060	3255,1641,235,3253,39
2387	2231,2335,3087,1476,1627
2134	2144,3591,3039,2371,1297
3320	235,3083,3000,2610,3822
49	2675,1046,2357,1357,3077
567	506,574,3045,187,3115
3508	2921,2401,3681,2951,2922
1760	1875,833,2700,1866,2581
863	106,417,149,1571,3893
758	53,245,682,264,1543
2625	2582,866,1047,2377,2167
1692	2778,3701,1599,1690,2094
1369	326,30,1960,451,3738
611	1591,2793,3499,1969,2118
2377	196,3576,2311,1347,2530
940	2949,1931,2366,969,2947
2617	733,10,2273,780,2006
1569	597,339,2671,539,587
2311	1376,1909,1356,2407,2528
2830	665,680,2351,3415,1251
2262	2245,2145,2133,2518,2146
2986	379,196,1918,1690,1591
3780	3488,2667,2802,2527,1744
205	1589,2302,1794,1466,3253
2325	1120,1485,1517,2058,2335
803	1914,125,994,293,1057
236	339,1777,597,440,587
771	469,28,1734,2974,3530
3848	428,2023,61,999,1268
3163	300,17,3260,3176,3129
3404	1721,292,1954,2989,1101
392	3246,1253,2021,2300,1419
2248	2144,3526,3039,1307,2145
3928	3932,3930,3927,2948,2454
80	2068,670,1041,247,1446
2516	1105,2122,3661,3572,3043
3926	3927,3936,2454,1019,2015
1412	2357,1415,337,232,28
455	2,169,500,1644,2471
3936	3932,3930,3926,1035,3927
1857	708,417,3302,2750,1612
764	306,535,1392,1413,574
3340	2654,2652,2782,2363,2784
3392	2375,2382,3549,2378,2473
241	60,2640,230,1393,647
3281	2330,2908,1189,1147,581
3645	2932,3019,1966,3742,3724
1564	176,1542,2671,357,1923
811	3347,29,246,2512,2064
1174	2182,1938,2349,1264,1572
1727	3100,1672,1674,62,587
2755	2261,2374,2464,3347,3397
2027	485,2124,2539,2478,1707
260	1210,1196,1198,919,3671
3809	3253,1485,2302,3869,104
77	1212,1354,2064,1032,2624
2178	2177,2176,3685,3230,599
3135	1955,2866,3543,3735,1674
1358	47,2391,3147,337,36
2917	1179,1674,1321,3551,2871
722	3521,1104,2664,1945,3019
743	3869,2335,637,765,413
251	353,1129,1866,44,3793
385	1279,148,2837,1371,2586
3737	3364,2921,3681,2993,2370
3255	440,2302,11,3253,500
3889	405,2642,3704,379,1527
3885	3852,1416,3952,3562,3893
2322	849,1479,442,1004,1620
3539	1827,3083,1454,562,2557
390	2361,3676,2331,3266,2551
1547	986,1633,484,146,808
407	2710,1645,2490,1676,177
141	440,1641,11,2302,500
1877	2242,146,2831,2509,241
3849	2184,1068,906,1244,3334
2076	1231,235,1333,2871,1343
1429	861,112,2273,1858,1608
2809	3273,1784,3502,1636,257
3887	3562,3824,1241,3914,3646
1495	2955,1826,1470,470,1490
2718	562,2502,538,543,1513
1894	736,3269,292,153,2471
864	3620,154,2323,1179,309
2790	2789,1371,2366,2409,3840
3941	3942,3939,3938,1973,512
1946	1674,1283,3334,3507,914
1202	1273,3169,2348,2970,3224
1617	50,1252,904,32,318
451	78,1627,164,3274,3445
1444	2562,1641,3035,3551,2127
3139	3074,3507,1201,3671,3412
2202	2612,3198,930,906,931
674	2528,2407,1077,2009,2455
911	933,909,3334,915,3451
3266	235,319,3521,574,2912
1891	1796,717,67,774,2602
3100	150,1271,3252,2268,1962
1650	3538,2276,1643,531,85
2997	2908,3481,2959,2890,1089
386	1130,639,1747,491,1121
2966	3006,2501,1673,3897,2357
2010	1253,1301,2553,2662,2529
835	253,1682,3263,454,377
1801	1917,1569,494,2006,552
866	2391,6,1732,1729,1805
2086	2470,2059,1026,986,2797
3817	3125,623,878,446,1280
1287	2947,2944,1291,1954,1953
3715	259,2468,3388,1995,227
3502	3259,1485,1923,1682,508
83	271,3071,2801,3111,229
569	2082,2012,1485,2735,2717
745	1148,1223,720,3429,3114
3417	3406,3871,3643,3628,2870
3353	3606,3247,3640,2834,1183
2184	933,1086,3334,3167,1929
1419	3201,1913,1952,3067,3685
922	3435,1945,1212,2186,1248
3929	3932,2130,3307,1267,1212
1896	218,1885,753,1711,1629
3696	1970,1655,1980,512,1762
3635	3639,2989,2991,2993,2949
2653	2647,2651,2646,2650,2519
1817	3042,3041,437,2383,343
2656	2634,2287,1334,2363,2160
1865	3019,2729,348,3618,492
401	156,3737,78,3368,3372
1534	3295,1164,2931,3645,3749
1549	2575,306,1392,2414,3067
2947	2949,2948,2993,2944,3639
365	288,1682,1678,14,1120
26	3723,647,2071,300,3105
913	3334,1267,1945,1284,1207
1100	3107,1552,1479,2002,1101
3241	1312,3855,3915,3481,3083
1533	1189,1900,1394,800,1058
652	896,2575,878,1719,3817
1531	1759,85,1416,2960,3684
1473	1620,23,3759,1693,1866
558	1848,60,158,317,258
316	780,349,1356,2393,1527
3419	2750,1303,905,921,1964
3439	3440,3438,158,3489,173
384	3708,2391,2787,1616,1662
1620	22,292,1892,280,1805
14	1120,3386,562,150,647
3935	2740,3918,3919,3662,1341
3085	2342,3587,649,1570,3832
3132	945,934,2788,901,1939
1164	3295,1534,2931,3645,3749
1272	1250,1294,1084,1208,1953
2537	3524,3591,2003,3691,3884
3763	2001,2985,3639,2406,2949
3173	3863,3753,3510,3107,3916
1672	805,454,300,628,1682
978	3742,1237,2068,3201,2729
3586	3370,3071,3296,2070,3110
2179	2181,901,2180,2206,1254
3947	1889,3365,2896,3936,2551
1084	1276,2871,3363,1179,1953
2921	2922,2401,3508,3681,2951
2788	1080,2300,1079,1285,3671
3051	3115,3565,273,3512,2491
2638	2651,2634,2647,1337,2653
1242	1222,1231,1674,2194,1090
440	11,3255,2302,2321,339
1668	3835,2803,2808,420,1866
3416	1952,3196,2351,3334,2285
1172	1186,2289,2020,2243,509
1103	3168,1952,1950,898,949
1835	587,2006,1569,2297,1393
3653	1952,1235,2022,3468,3088
682	758,53,245,264,1921
1095	300,994,1120,1245,1466
430	424,998,2500,3107,3388
2689	300,3536,1682,2779,1358
557	2238,1296,2324,924,527
3784	3827,3882,3948,3565,3269
3361	2352,3072,1302,2915,3210
2272	1683,805,2268,3148,3249
1069	3334,942,930,1248,1068
2977	1791,3005,1372,1616,1792
2686	3176,3386,2333,3148,3147
3556	3897,3317,778,3328,3911
3950	1909,3566,2391,3796,3510
1870	2581,1824,2690,1057,3620
2693	162,2502,3745,1594,235
248	1135,3120,2134,3264,1485
1220	3039,3552,3421,3210,3671
1253	2662,1301,2664,1077,954
695	2561,1597,1620,1687,1792
2589	1914,2580,2505,1130,3552
1866	2353,2273,165,3082,2490
3866	2129,807,183,3010,3679
3450	1485,500,440,3253,3
3557	3686,2849,2353,1603,1597
418	2117,2413,354,1059,1584
526	2295,1794,1354,3501,2718
3288	650,425,1660,3426,2442
708	339,539,597,39,222
3869	3868,370,2302,1485,3809
1076	2634,3546,2652,3634,3875
3036	3494,2871,3198,1085,3529
2897	3545,1207,2920,3811,1649
1148	745,1223,720,3429,1136
584
2707	2841,2605,2433,3005,2706
1816	372,3426,1885,1465,509
114	580,302,917,2316,282
2339	1457,691,3248,2506,2089
62	1271,1682,454,2268,3255
540	1037,193,1805,1620,3707
2796	2423,2011,2378,2134,2478
1566	783,364,1907,2687,1022
3192	3328,3481,3598,2933,3241
734	1539,1871,2675,958,2215
2637	2926,2641,2634,2057,664
2487	704,544,3802,1499,456
41	2333,2890,1245,800,1411
2777	2032,3434,3433,2656,1550
479	95,1385,2002,2808,494
1394	1079,3039,1663,2918,2915
2543	633,2938,1563,2275,2607
2373	2376,2405,1918,3489,547
2167	2006,70,733,2617,112
2303	1950,3201,908,3334,272
2581	2572,1569,2485,2694,2424
1051	778,521,2165,999,1885
3828	1539,3878,3935,3919,2667
774	1796,717,67,1891,2602
2378	2478,2470,2134,3591,2133
3073	1085,3451,1082,3468,2764
465	1785,1627,509,529,2849
984	436,2598,1285,988,1841
2509	1453,1920,779,592,1017
3396	3397,2144,3398,3253,1073
3538	2697,3357,1650,348,2611
101	235,2952,176,1060,441
1019	2662,2527,3927,1375,1301
1060	778,1517,1923,1641,3253
1266	1090,590,2921,553,2268
112	2273,861,1429,1676,2167
1613	3395,1414,2440,1059,2133
550	708,104,1569,1441,597
502	1920,2422,2471,438,485
2605	2688,2881,2763,3005,2490
2685	1632,1526,2345,2255,602
2400	2085,3111,11,2194,3360
3414	971,911,1964,915,916
1215	70,1261,112,3527,3033
3347	1185,1293,3098,1302,2243
2829	3115,1380,186,3020,468
1666	3162,2629,3106,290,337
1212	903,904,1267,2186,1252
493	431,555,1729,1912,3104
639	288,1191,2282,2738,535
888	13,455,1487,1010,362
3536	3948,3301,3510,11,3481
1898	1455,1914,638,3422,1564
832	454,1608,3256,1597,805
444	327,3108,1242,1405,1441
1434	1718,3486,1997,2656,2665
2309	560,3906,2175,2711,1113
3547	334,3685,1179,247,1913
1283	1267,2664,1276,1254,3508
2824	1169,2360,3925,1289,3402
1782	985,2998,128,2674,864
747	1707,374,2253,2720,2042
3694	1969,3695,371,3017,1974
36	1358,150,1682,300,508
1831	316,1544,153,1882,2094
2253	1967,2735,2405,2,2413
2744	1694,3415,2948,1161,1952
2560	2841,2840,3081,333,2770
974	900,2940,907,1944,937
2451	3016,1970,1327,2513,177
2644	2648,1340,1350,1333,2366
2641	2640,1376,1375,2642,2011
3033	2011,1909,1967,2640,2717
2447	1777,3477,2134,1923,1917
2182	2726,3334,1248,930,2664
3742	1237,978,3334,3629,3468
568	728,1180,838,1484,2697
3156	316,1876,1917,1584,2
3676	2076,1077,1227,1161,2313
3946	1917,3952,2061,2512,2461
1889	2391,1759,2819,2611,2360
520	3033,333,2335,1485,2378
139	1825,1014,1016,2815,2123
1387	2947,1997,1954,1304,2640
443	538,2104,848,866,3653
2107	1644,1985,2003,1717,3499
2723	316,1391,2490,2700,592
2612	2202,515,1938,3334,3475
2142	2141,709,2054,500,3269
2793	1339,2455,70,2617,3081
1362	971,307,1078,3435,2132
1456	3146,44,1732,2676,1909
375	525,767,94,3862,3882
2675	2155,496,49,2356,17
2101	168,2179,1894,2132,3496
2059	1569,1013,317,1033,3591
3563	1427,2812,2766,3138,808
3925	3521,1273,3152,3167,1179
2667	674,3878,2663,3488,3340
2348	1186,3019,2289,2076,1594
2479	1592,3599,1848,2719,932
2071	300,475,1120,508,3105
1586	1552,292,349,736,2002
2746	2747,3608,1380,3526,3396
3041	3525,2380,2405,1642,3591
2032	2040,1018,256,1016,3268
201	633,3132,1684,3129,3055
1685	2335,575,782,1167,2314
3859	3911,3897,3317,1094,3556
116	477,150,1426,568,759
2247	2469,1081,2243,2369,2100
3754	1688,3821,107,1425,3786
2282	235,778,2155,1885,1701
3606	3549,3061,3545,2565,3334
2901	3016,1994,1347,1974,1350
633	72,3028,1279,2289,1850
575	1474,2103,239,1831,1588
518	2374,1390,1088,1441,830
2376	2989,2990,3639,3638,3635
182	261,3045,2125,1888,1441
2283	369,2439,233,321,3260
2269	454,62,832,3263,719
2937	2935,947,2936,936,951
869	376,1711,22,3427,436
3244	2245,3099,3451,2779,3591
3449	3714,1848,2852,2745,3699
3545	900,2971,3061,1267,1234
2696	728,994,342,2395,1537
148	3320,1399,155,1305,2289
590	150,1682,3448,1266,1302
1201	2951,3681,2944,2947,2921
555	6,1089,288,1912,293
1694	36,300,1673,2289,1203
1970	1969,1971,1972,1974,1407
530
2741	3441,2956,2802,2410,517
3537	2432,3554,988,3858,2085
3713	1041,230,1354,1959,3684
2144	2145,3526,2134,3210,3591
3476	1407,3499,1343,2391,1625
538	235,1635,2268,194,994
2768	1215,1696,3079,85,3909
2037	2090,2077,1031,3396,1009
3734	3735,3167,1955,2130,3152
3478	2420,1962,1246,2145,1302
381	508,1422,261,539,2803
2627	2583,2573,2164,796,108
3731	2929,3167,3152,936,1321
1344	930,1343,3334,931,2186
2456	2986,2148,2455,379,1965
1822	1015,631,2978,709,2089
449	2502,235,2700,663,1274
3114	1,2355,745,2321,3751
289	1353,708,587,11,1457
697	2517,1498,1690,3704,1120
1067	2936,1938,946,3424,2064
2948	2949,2947,2993,3635,3639
1458	3862,2442,308,3855,2481
3105	1682,2268,1302,150,3252
348	235,52,2750,492,535
2044	1016,277,1010,2097,2567
277	524,1801,2135,3255,1393
159	1120,319,2551,194,535
632	116,3514,3456,1216,1411
3720	1643,3598,2437,3948,3079
3134	1212,3030,2130,1945,1254
1352	999,81,499,1621,31
1639	223,1500,25,39,1673
3058	966,93,3014,3923,414
2393	329,1356,1372,1375,1376
56	208,185,250,2394,1599
3429	745,1148,1223,2788,720
2180	2181,1086,1124,1226,3451
2557	3539,229,2203,3521,3090
3	3450,2378,500,3255,597
2849	3557,585,490,1010,2457
3919	3918,3917,2513,2902,3923
1455	1898,3425,1482,352,4
1561	732,2873,1121,1455,131
1575	2682,308,1079,2068,2612
176	2289,125,101,1449,1594
1797	1641,2871,1282,1147,595
3346	792,3875,136,503,3333
2931	3295,1534,1164,785,3749
1031	2080,1009,1032,1030,2470
2613	1129,1974,2003,2867,3727
2402	2404,2001,1378,3441,2815
220	1987,1986,1976,3024,1977
1490	2955,1826,1470,470,1495
1267	1077,913,1953,1283,2917
673	2,719,2042,1588,153
158	1702,1015,2,2124,362
2057	1015,2470,1931,2080,2989
3169	1231,2352,2313,2194,1674
2778	185,3684,1792,153,3844
100	1343,454,161,1589,1687
3436	597,351,3269,1569,378
597	539,587,1569,2671,2424
3902	3854,2607,3952,3910,3796
3853	897,2670,3461,1672,626
3483	2394,594,2048,1022,3034
320	3203,1348,2912,235,3246
669	670,1913,2285,3949,3547
1135	2245,2915,3591,2133,3039
211	1095,1077,911,28,2819
2362	1329,2757,2363,2024,3676
1304	2949,2947,2944,1234,3504
711	2974,2982,1325,2983,1328
932	915,938,1271,2085,948
1364
2717	3033,2134,2011,2735,2478
3797	1686,1769,2485,2888,415
2410	2409,2411,2989,2402,2001
2776	621,615,3725,1827,1289
3690	3689,1588,1479,3525,1895
2394	364,1022,2294,2355,588
2080	1022,2096,2078,2085,1029
2287	2664,2009,1019,968,2363
1770	2893,707,1480,999,2212
1664	1545,3187,1392,2966,2145
1689	1777,637,2539,520,2302
416	2922,2951,3508,1920,458
3749	3022,913,2019,2351,3943
1293	1225,1957,1231,2020,2313
3593	3354,2701,2316,2605,2900
3117	3328,714,1834,1275,3275
419	325,637,1390,542,374
3034	1025,596,2090,1029,1022
2305	3007,1594,778,233,3019
2792	3869,2335,2371,2378,333
592	2640,2115,2194,2001,2985
345	1885,357,1641,235,3260
1597	2353,1608,2058,10,832
3182	2300,1249,1827,2289,2952
1792	95,1608,2353,165,349
2943	1678,838,58,1683,3724
1503	2169,1468,3247,413,1665
134	756,2813,2028,2727,1232
667	990,2807,204,1608,637
138
1829	3211,1190,2575,1955,1584
28	17,838,916,3079,994
3569	3002,3503,2813,1627,3539
61	832,628,3256,1422,22
2407	2470,2100,3039,2640,2985
3388	2470,2054,2420,2408,2405
2893	1770,3053,3858,1952,3006
2239	1267,2238,3359,1292,3198
1626	204,1744,836,1004,71
755	2847,3368,1941,2899,3093
2401	2921,3508,2922,3681,1266
1327	2513,2455,1982,1350,1347
3632	3685,3559,2300,1078,2927
785	2502,2683,3253,2710,1923
150	1682,2268,3100,1784,1393
728	838,17,2359,1885,568
1844	778,1695,2575,896,3083
1005	2042,2082,1359,5,258
1342	177,3499,328,2003,2459
2664	1253,1333,1077,2648,2366
2196	2880,2808,288,2807,1597
645	263,3260,1814,2360,272
2659	2130,2076,555,1414,3614
3623	3753,3082,1722,648,3717
3738	3135,3724,3308,2932,3068
2185	2206,2993,2728,2939,2210
2418	1395,2245,3104,3308,3525
3813	2313,3685,1078,2065,3724
3189	3916,3255,3510,3301,3317
519	2986,435,126,3926,2617
2223	2215,2227,680,3559,3456
1033	2141,2090,3034,2085,2087
3628	3643,3372,3062,2921,3406
3594	3512,3534,3882,3515,3565
2682	1635,2439,2442,1041,2912
2607	2585,2626,3902,3045,685
3207	2730,2160,2704,2711,3567
2464	2755,2264,2260,2458,408
1057	52,1701,492,348,3129
99	1649,2730,501,3925,337
1509	175,3854,1191,1183,3127
2987	588,1220,2640,592,3396
566	1596,1612,550,43,282
3375	2665,1334,2662,3658,1019
952	1019,3494,2565,3451,1287
965	2208,930,2186,1267,3735
2770	785,2502,2683,2580,2706
1376	1375,1374,1372,1356,329
2133	3591,2470,2011,1135,2378
3807	3771,3153,2528,1019,2968
3130	350,257,21,2474,3020
1839	1021,2822,3255,65,1445
3711	279,477,1711,1633,171
249	11,300,1682,151,1343
3447	944,945,1012,1931,1340
2340	802,587,1835,1393,3259
2419	1476,1968,2100,1994,2243
2892	396,1313,3398,3601,2371
3532	2905,3140,2920,3415,3134
2444	335,1889,1759,2726,1189
3052	3253,1500,1641,1517,1883
1408	3256,161,474,2006,380
328	1342,177,366,1717,2004
3804	1703,516,2034,1876,3450
497	357,3044,838,440,3396
3438	2985,2193,3489,2094,10
2763	1370,2605,2490,2353,1722
433	1589,1508,2616,999,410
976	1944,3062,897,1950,2670
39	11,3253,440,708,357
3054	3799,3034,3399,2094,2048
2536	3482,2522,2521,3736,79
495	1237,2076,2178,3182,1935
2936	936,946,1256,905,1248
8	60,362,484,661,808
3067	3072,1186,1295,1079,3083
3644	1008,2401,897,2475,3836
3683	1953,1263,235,111,2917
571	78,2419,3194,2749,2852
2357	1537,994,1041,3083,2966
1022	2096,594,2080,2087,1029
3916	3897,3178,3753,3952,3893
3047	581,3521,3211,300,3676
1588	1474,586,317,2687,788
1020	3255,1614,3253,1485,339
1959	2763,3528,1096,2070,2020
1040	1514,1901,1899,2562,3820
1250	1276,1262,1225,1208,1272
3141	2420,164,2877,999,1466
948	982,1950,971,1086,1103
3213	3034,364,592,1205,2985
102	5,673,1367,881,1352
3540	3515,1457,3512,3536,1286
3507	1077,3363,1953,1276,2871
1701	52,1057,1732,348,3129
3218	562,3676,45,1305,3272
861	112,1429,2273,1858,2490
3910	3949,3083,3317,3893,3911
2472	2407,3438,2985,1463,2420
1196	1210,1291,260,1198,1299
2313	1231,1293,2739,3359,1186
2835	1744,849,1752,547,2121
2338	1644,3273,2107,2279,2719
506	3067,509,1596,562,1186
2321	440,3253,3255,1500,1641
2501	1682,150,337,1393,300
3107	1608,3256,474,1370,349
2561	1620,695,22,280,494
767	1693,375,2966,525,50
2868	3660,1342,1882,1980,2513
1888	1569,2424,2316,597,539
543	3253,1777,2108,1517,440
3482	2536,2522,2521,3736,79
2985	3527,1129,1374,2407,1376
1431	1616,3708,1918,2353,63
3399	3398,2375,585,2018,3388
3180	3258,325,65,1855,2500
2731	1251,1950,1217,1362,1945
229	373,2439,3246,1120,481
2798	2953,2799,1474,586,2042
1841	1614,628,454,830,1672
334	3547,1041,1179,3334,2729
1059	1747,2125,1271,2108,708
1731	575,1474,3768,1882,174
3328	3896,3317,3481,2952,3556
2367	2409,2376,2455,3638,2513
2437	2029,1643,2442,515,475
2527	2528,2529,1129,2944,2009
3422	2750,235,3424,3521,3067
2850	1567,1496,1511,1509,3620
2055	2896,3487,2043,1007,3432
3619	2518,2409,3740,1321,2991
1006	350,454,1792,1552,1672
3717	3623,2694,3825,3298,2605
1049	2353,349,2006,3256,1608
73	1873,1619,2565,62,1801
3251	2020,2919,3361,3169,1124
583	850,1484,1734,80,3521
648	165,10,733,1370,1608
3788	1964,1252,3068,2932,1950
3378	3847,3318,2589,2481,1046
3215	959,1936,1941,1069,3471
177	1342,328,366,273,2867
1485	500,3255,3450,3253,1777
2018	596,594,2085,1029,1022
129	3825,1057,3328,3858,597
3686	1092,1552,1343,454,587
2231	1729,1061,1466,2268,16
1585	581,538,720,3187,994
554	3766,1603,991,300,707
1883	1641,21,3253,1732,2321
3021	3016,1984,2455,2513,3875
473	3120,65,276,1588,1474
1348	2644,2648,1340,2010,3075
920	899,914,1103,1674,969
1246	1302,3448,1962,2420,1186
997	2442,194,189,1964,463
1224	3811,1296,3683,1247,497
3860	3897,3125,308,1480,1605
1811	3253,1513,72,322,1856
2655	1501,1055,3041,1105,667
3040	1663,3039,3591,3104,3087
1112	1054,1111,1343,1057,3265
313	48,1688,2394,1025,2078
1793	2450,2644,2648,3617,3618
153	1377,1562,1544,2006,2617
1476	1120,3253,1777,3255,2502
2971	3545,921,3152,914,1035
3515	3893,3083,3538,3752,3594
1260	930,1086,1237,3435,2871
1086	930,931,2206,933,1950
1274	741,353,1374,3740,112
1413	764,1683,1747,508,28
124	3514,2697,1475,1365,878
1749	2186,848,1373,1212,3152
608	1213,296,50,1704,1358
3519	3654,3441,2944,3366,2001
896	388,501,1542,1046,652
663	1517,785,3253,1476,2700
1581	1837,494,1042,2052,1707
3897	3911,3317,3952,3949,3948
2014	1031,2137,3396,3397,1010
1393	11,2268,1682,440,587
2296	1073,710,438,637,2539
335	1834,178,574,3706,3152
1343	1092,454,16,1407,3101
3138	3071,2144,708,3270,62
223	1639,2700,2706,2395,2580
2666	435,674,924,2661,3375
74	2567,207,1835,1888,2316
906	2206,942,2186,1938,3334
2992	3840,2148,1690,2790,3017
1755	261,222,539,2125,1286
1834	300,1635,800,778,1179
724	70,1407,253,3264,2617
1926	3545,901,2096,931,2202
281	300,337,1633,272,2883
3158	861,1300,85,1965,262
188	70,1407,3727,253,1215
2366	2648,2664,2947,2640,940
1994	1321,1258,1347,3499,2118
3294	1337,943,2202,2398,3534
1083	3061,952,2078,3451,2944
332	329,2782,196,3032,2454
2520	2524,3037,2527,2013,2312
702	1176,308,2925,3742,2351
2628	316,1356,1676,10,1527
1388	1597,2107,1644,1327,2409
3766	2404,2815,3441,3767,3763
3663	3661,1990,2840,3664,3797
1602	3164,2431,310,1485,181
2506	597,1888,2671,1777,587
2920	1231,2732,3547,1179,1292
1441	708,2145,339,440,2671
853	404,1739,391,3222,1928
2481	1234,2442,3317,1112,293
1328	1771,1655,1983,1969,2995
3677	3521,1889,1225,507,538
292	1608,2353,2006,165,368
2405	2406,2470,2001,2115,2407
274	2445,558,2907,3285,3565
3822	3855,3720,1295,3083,2609
1982	1347,1321,1345,1994,1333
860	831,3218,268,2174,4
1544	316,736,1917,648,329
409	861,145,132,391,3206
1004	1687,464,95,204,71
3044	1343,357,2245,1393,1396
2989	3635,2376,2990,3638,2991
2476	3441,2001,3107,2401,292
462	2606,2088,1894,3838,813
3025	3494,1008,3487,3520,3729
128	2686,117,3317,1782,3859
3680	2300,3551,3679,3364,1111
3445	3788,1964,3230,3685,2346
2853	3839,2699,3833,2635,2649
2737	544,1382,3766,990,3432
382	1407,3264,1994,1717,253
2264	1091,3502,248,1020,1609
3678	2398,1946,954,3088,3244
2720	1911,2701,374,2709,747
3206	2146,2262,1286,3102,2011
2532	2533,2530,2531,2529,1378
2848	1941,1247,1273,410,43
37	3214,1215,3940,1968,3525
2996	647,3186,3148,3386,2433
2324	778,1704,1641,1357,1179
164	1179,1094,3683,3044,2289
1334	1019,2454,2664,1321,3701
2491	2485,2713,2558,2888,1644
3093	2130,2988,3068,3201,3037
1325	2974,2982,1328,3442,2461
1950	954,1103,3467,1952,3334
2969	3296,3467,3037,154,1950
2078	2080,1022,2087,2096,594
44	1385,112,1591,1590,3740
2316	2125,1569,1888,2497,361
1382	517,420,315,2404,20
1721	1393,597,2424,11,3255
1032	2087,2096,1022,594,2085
322	2155,1517,3039,1449,562
2019	1217,1237,2728,1250,1207
3199	2565,1078,3244,3549,1081
3032	2009,2527,2311,3704,2528
2047	938,2405,2040,2089,837
1627	999,163,21,1912,1729
1690	1320,196,1391,1676,2393
423	1687,292,1597,548,1479
231	333,344,3253,1485,785
3684	2919,3685,3699,1124,2243
3503	1218,3168,2729,2300,3030
2513	2003,2455,1327,2121,1347
2909	3581,1564,1236,3134,3859
3566	3618,3481,3317,3897,2575
2331	708,1885,509,2390,1542
524	832,161,3255,3107,454
2704	3103,3795,1683,712,2869
517	1597,1608,3107,2278,1792
55	2912,3543,3167,3067,2926
3344	610,3018,2649,3026,3216
1988	2451,1330,1326,3918,661
435	1544,196,1377,2094,1371
3081	2710,2841,2617,2502,253
1919	2059,901,2087,3072,986
522	2282,3763,29,521,3272
1168	328,1717,3264,1320,2003
3277	3575,2578,1549,1570,669
197	1785,1944,1678,58,1834
1194	3040,2144,3760,3200,2407
1977	1976,1985,1979,1975,1969
1417	1683,490,2062,1186,412
2066	930,3196,933,1950,2203
262	531,917,986,1028,2081
2907	2042,3253,3258,1702,1842
2020	1674,1094,1296,1960,2919
3287	2085,11,2430,1426,1702
800	1094,1834,994,235,1594
3841	3769,163,434,3836,423
1541	2424,1777,11,708,141
1043	3270,587,1680,2671,2340
1921	1653,32,1748,778,2968
2470	2406,2407,2001,2100,2405
3590	3524,2518,2991,2470,3506
783	1566,1907,1688,48,364
3791	1088,2420,805,2942,1378
3385	3087,2375,2374,3441,2134
1463	1702,1057,1798,520,2472
2120	2459,3499,2121,2513,1342
820	439,3733,1086,904,3122
295	852,94,1317,258,2950
2193	1967,1376,2105,2005,2161
987	630,440,2302,381,1727
2510	195,532,350,2911,339
1522	3464,3393,193,697,2851
2422	2421,2420,170,502,420
1508	1484,1785,1414,1054,159
367	2302,3255,1485,1923,1370
2312	1186,1124,1962,2352,1246
3729	2949,3635,1587,3702,3638
1265	2248,1923,440,1641,356
1071
2649	2646,2651,2647,1128,2782
3113	292,2353,2605,736,3005
20	227,420,1422,544,1382
3056	2610,565,3858,1985,1788
891	1986,1985,2107,426,2120
694	849,165,648,1385,3697
1754	2353,1597,1625,2058,2006
3900	3317,2349,218,3951,337
2898	3708,2459,2517,3499,1992
3446	190,159,1179,3423,994
1407	1717,2003,253,1339,1343
1543	506,1406,1596,509,159
1336	1130,3013,1128,328,273
2090	2089,3034,2137,1029,2078
2859	1285,1179,2917,1186,2064
3554	3536,3317,3882,1537,3861
1300	1185,1295,1960,3359,1357
904	903,908,1219,1252,1358
1794	1683,492,348,574,194
2273	733,112,2353,10,165
1648	562,1885,1875,1392,3261
2119	2513,1882,662,1995,1866
2784	2782,2652,2644,2651,2780
2750	2065,348,2926,2144,235
457	474,3256,2194,1610,2353
264	2171,758,2357,53,682
962	911,2398,2857,951,458
2318	2599,2502,1594,2952,1834
951	950,905,898,947,3363
2440	2580,2273,3637,2271,373
735	1974,1991,3727,3018,1648
302	1683,506,342,971,1639
107	2083,2709,3398,3033,661
2925	1161,3152,3788,2238,3167
2924	112,2174,1080,551,2880
3337
6	2278,474,3256,2058,2194
1161	3167,2917,1299,3676,1186
3094	3547,1296,1643,1046,2612
2551	1343,1258,2729,1186,3543
624	1523,1162,290,3741,1227
86	647,2433,590,266,161
2678	3898,3886,3289,3914,3786
2511	3334,2917,2349,1248,1209
2518	3210,3591,2371,2915,2795
184	1884,799,2505,2111,2348
511	434,1100,736,2058,280
2429	2430,2420,48,1438,2470
3649	454,1092,2146,2942,2262
110	2028,349,1610,457,1393
171	3911,2071,348,1682,3723
1848	558,2054,2,2141,1015
3544	3272,1120,2109,3040,585
828	1595,986,388,709,474
3816	1041,3468,3010,1177,3071
2278	6,2058,474,3256,1722
1656	1398,650,43,17,2056
422	3301,454,280,1569,1246
2275	1376,2011,522,2171,671
2211	2210,3049,931,3365,1217
3452	3793,3273,3617,3624,2167
3721	2507,1875,2542,3893,3044
881	1831,2,2082,1882,374
3104	2194,2406,1222,3210,3039
778	1673,1060,1120,1635,1885
937	920,915,2940,901,902
3905	2810,312,234,1629,3177
3759	616,3034,2141,3776,1032
3568	3915,2171,1188,2396,1617
914	2565,899,1947,900,938
2300	1278,910,1276,2289,2788
3176	3147,1625,3252,3148,1094
1454	1884,1777,125,1500,1711
3681	2951,2922,2921,1201,3508
668	670,3030,80,1041,2351
3912	3948,1584,3512,1567,3298
606	1342,2004,879,1985,2515
3057	203,1914,3358,2539,1921
3456	1953,1190,1260,1633,2132
3886	2769,3950,2768,2678,3007
432	153,5,1378,1015,368
1874	2621,1449,3908,1799,2357
3398	3397,3396,1022,3033,3087
3300	3624,3409,3510,2617,198
2089	2090,616,709,1033,783
1960	1231,2020,1299,1246,1242
283	501,758,293,159,456
960	2819,2210,1029,2664,3735
2175	1962,1088,339,361,1683
3699	2407,2968,2406,2470,2527
2416	3591,2470,3210,3039,2134
2314	300,1183,272,3100,1343
733	349,1552,3256,1370,1573
709	2089,616,1033,2141,3034
2981	2664,1099,82,3069,1283
972	939,596,1896,254,1087
3161	1650,647,3178,2280,3948
270	605,2875,339,1457,222
1211	3152,1288,3521,3526,3334
1730	1357,1682,3100,2890,300
1938	2206,2130,906,3467,3468
1842	2844,2907,182,83,956
887	850,469,3567,1533,1900
2497	2316,1569,3269,1101,361
2683	2706,785,1517,2694,2502
1291	2115,592,2194,1036,2947
2207	12,2408,2430,3096,1401
319	3019,778,1343,1120,2692
288	555,70,1343,1339,353
1911	2581,2881,2598,2688,2694
3268	1801,1831,1722,2032,2006
3412	2470,1962,266,2077,1931
108	1898,2627,2168,467,99
1753	216,333,3253,1923,2580
2404	2402,3766,2405,379,165
3640	2043,906,3353,3061,3319
2922	2921,3681,2951,2401,3682
1667	605,415,805,1586,1866
916	915,945,933,900,901
3308	3448,3591,2247,2245,1395
1305	2929,2130,2932,3067,2068
1333	1345,2664,1982,1258,2871
48	783,1688,1022,1015,1566
718	2091,668,2891,1949,2745
1974	1347,1407,2003,1970,1321
3238	1686,3285,3146,2568,1650
926	1945,3095,954,905,908
1850	633,2610,3359,2972,187
32	1584,778,2890,1527,337
2884	3809,413,88,2249,2253
897	1085,2366,1254,3035,3628
3147	1358,1625,2268,47,2329
393	1876,204,1894,1586,1382
2445	647,153,3259,2453,274
3440	3439,1474,158,3438,227
782	2146,3249,2803,3441,3274
2918	3210,3039,1968,1663,3253
1961	1302,1962,3448,1246,1674
1658	1061,1517,319,3253,2723
1933	1929,1261,906,1287,3416
1198	1291,2115,1036,1196,260
3342	1217,1186,1185,1965,2289
1563	574,2071,358,508,3060
2795	3552,3039,3210,2423,1663
310	2152,2053,2052,1021,362
3137	3366,2944,3873,1791,1003
1986	1970,891,1977,1969,1985
2146	2145,1302,1088,3261,1101
1869	2365,1690,1497,160,420
3627	2488,2651,2550,2652,3932
2894	851,1295,1701,1695,1884
3133	3310,1078,3507,348,3728
1427	782,1385,3197,3249,3169
2935	947,951,2208,928,945
2093	1967,2137,2080,410,1029
3437	1055,430,102,3180,510
269	3246,369,265,1633,2112
848	3252,261,1271,477,2312
2582	1429,1858,861,2879,2625
1527	780,316,1356,1676,329
372	3261,2144,1614,539,1569
3208	466,2985,2002,10,1608
508	1682,2268,300,150,1120
3339	3196,3066,1944,3062,1927
1910	1060,3266,2414,2681,1228
1904	3019,149,2912,562,492
1715	2323,1650,162,45,1513
605	2424,339,708,7,11
706	297,1640,1601,424,2643
2648	2644,2366,1340,2664,1333
710	1746,2379,3120,3243,2381
1208	1263,3671,3362,1250,1234
1	3114,3253,364,1777,1682
1313	396,2892,189,1609,2264
2005	2161,1967,2003,2193,2140
1259	3526,1394,2144,2291,3421
2000	2001,1101,3448,3039,3527
1924	2529,3168,671,3075,2363
1024	1032,2080,2099,2085,594
3042	1817,3041,437,2383,343
2453	3478,3071,3489,2133,2420
2138	2140,2139,2105,2005,2872
1254	1262,3334,1276,1945,910
155	52,1674,215,364,1187
1296	2020,1096,515,17,1244
2040	1016,1007,2032,2533,1375
2317	1454,2159,3254,999,2110
2052	1021,2,1367,374,5
2538	3609,2673,1743,2773,1058
2913	2388,2446,2157,3186,2586
3426	3260,3425,1660,1840,1885
1562	153,1377,1831,1544,1917
2970	3167,1419,2551,3700,3543
653	2,1377,2006,2617,2161
970	933,2926,3341,982,2065
1920	196,552,653,2393,1831
3174	785,2700,3147,2580,2502
2904	1281,1931,944,2988,2612
2424	539,597,587,1569,11
3773	3263,2416,2334,3591,587
955	905,916,951,898,926
3155	168,3176,1619,282,2875
123	247,2348,778,1094,1673
2781	1334,1994,1130,2654,1321
3834	2475,3122,3494,3251,2088
3706	2076,2871,1343,3104,3019
3712	3039,708,2302,2407,1614
122	1792,1422,3258,420,788
2521	2524,1161,2639,2520,2991
1210	1196,260,2406,1291,1374
2846	1015,2085,2161,2141,2354
2460	1347,1974,2901,1984,1255
3115	2883,3118,3045,1648,3863
326	994,446,30,308,535
2503	3158,2621,758,262,1611
3940	37,433,505,1642,2649
548	423,1479,786,10,3082
1028	2080,2078,2081,594,1022
165	1370,1608,1722,2002,2353
2771	2541,3005,2581,2724,2688
45	235,3253,1885,562,300
131	732,1561,1342,3477,3791
3728	373,2391,3683,2871,922
3626	3562,1809,1972,1971,1856
3884	3190,1973,891,2974,1325
1349	910,2131,2923,3880,3473
1810	300,3252,1682,1120,1271
1606	1377,2373,1882,2001,1920
1923	3253,1517,1641,3255,1500
1996	1995,2816,2379,2717,542
2919	1674,2243,1231,2020,2352
2490	10,2763,2605,1597,733
121	3169,58,337,3734,3167
2172	54,656,3537,27,988
63	413,1863,88,344,216
2983	1086,2204,1950,3634,3364
1609	2264,410,396,1313,2124
2951	3681,1201,2922,2921,2944
3704	3703,3702,3698,3527,1375
586	3255,2470,1485,500,539
2519	2652,2651,1327,2550,1334
3819	2289,2300,1719,2130,3072
246	2064,1147,1358,2391,300
2747	2746,2780,2407,2087,3451
3390	316,2810,380,2291,15
2702	2502,1093,785,1729,2580
3088	1269,915,2080,933,909
1806	830,60,107,1588,2052
2621	30,2609,45,3211,1683
486	1855,186,1020,258,1359
2636	2554,2940,2960,1260,1344
103	809,2803,2340,1668,3269
1681	44,1037,153,1676,2322
3758	3701,2986,2313,2105,2011
1046	3094,2029,1611,3854,2721
2640	2641,592,2407,2011,3527
3725	235,1298,1346,2917,2871
2545	3854,1535,3915,1554,3538
3285	3755,3298,3081,3717,3160
921	1234,3685,2289,1179,1231
3381	3534,3752,3157,3798,2724
1593	1821,1457,1569,708,605
725	1376,1785,1920,1614,216
3893	3948,3317,3911,3897,3952
1887	3243,65,255,2169,1431
3551	2819,3362,1263,3735,2871
1957	1231,1293,1674,2352,1185
2572	2581,2485,2694,2541,2759
2541	2694,2706,2572,2683,2605
2160	1219,2871,2455,1333,1350
2864	2575,1589,1529,166,2688
3874	279,3127,232,39,1824
737	196,552,442,1591,1676
561	384,3167,2457,3871,2971
2430	2429,3932,1029,2100,1334
3306	3310,52,945,3022,3929
7	1569,2424,587,2671,11
3948	3893,3911,3897,3536,3863
356	597,1393,2671,440,1641
1392	562,1449,2289,235,176
3479	2143,1967,2100,2161,2193
1537	2357,1446,1188,2359,1641
1329	2362,2647,2652,2651,2634
366	1717,1970,177,328,3034
2051	1011,2050,1018,2470,2032
501	2575,306,3422,994,319
336	380,2662,996,2273,1153
2847	1068,3068,2644,1950,1946
3792	3801,3789,3508,3074,1226
3265	112,1218,2542,3267,2871
2964	1670,766,3794,1938,1660
3952	3897,3317,3893,3916,3948
3617	3752,3510,3744,3785,3753
169	455,2042,3673,2748,2265
1021	1367,2953,2052,2042,2
3106	187,1542,2883,766,3052
3365	1283,3681,1294,1266,954
2099	2096,2080,594,1022,2087
2544	3242,1574,496,1477,297
2095	1030,1674,500,2410,2015
3730	3735,1953,2871,3152,3362
2290	2065,2750,1078,921,1732
1978	1979,1980,2315,1975,1882
3124	1171,3538,2022,456,388
688	3269,1445,3487,2407,374
3489	2087,2,2143,2161,653
587	597,11,1569,3255,2424
374	355,2953,1707,158,2036
2347	1179,2528,1321,1954,2919
882	163,259,423,3686,1508
2466	3101,2852,3478,3110,3844
2540	2273,1769,2723,163,2826
1163	2708,3725,302,533,920
1064	1021,2096,2042,2011,1367
2137	1029,1022,2078,2085,594
3314	3782,2260,1943,1889,3427
1036	2194,3527,1291,1240,2000
3406	3062,3628,1287,969,3417
1624	613,1643,2025,1614,1810
1762	1831,2617,2448,1438,512
3543	1077,3362,1244,2243,3135
2833	760,695,2822,1727,170
